epoch,batch,avg_loss_group:0,exp_avg_loss_group:0,avg_acc_group:0,processed_data_count_group:0,update_data_count_group:0,update_batch_count_group:0,avg_group_grad_norm:0,avg_group_grad_norm_uniform:0,avg_group_loss_each_uniform:0,avg_group_feat_norm:0,avg_loss_group:1,exp_avg_loss_group:1,avg_acc_group:1,processed_data_count_group:1,update_data_count_group:1,update_batch_count_group:1,avg_group_grad_norm:1,avg_group_grad_norm_uniform:1,avg_group_loss_each_uniform:1,avg_group_feat_norm:1,avg_loss_group:2,exp_avg_loss_group:2,avg_acc_group:2,processed_data_count_group:2,update_data_count_group:2,update_batch_count_group:2,avg_group_grad_norm:2,avg_group_grad_norm_uniform:2,avg_group_loss_each_uniform:2,avg_group_feat_norm:2,avg_loss_group:3,exp_avg_loss_group:3,avg_acc_group:3,processed_data_count_group:3,update_data_count_group:3,update_batch_count_group:3,avg_group_grad_norm:3,avg_group_grad_norm_uniform:3,avg_group_loss_each_uniform:3,avg_group_feat_norm:3,avg_actual_loss,avg_per_sample_loss,avg_acc,model_norm_sq,reg_loss,avg_grad_norm,avg_grad_norm_uniform,avg_loss_each_uniform,avg_feat_norm
0,49,0.21085649728775024,0.15940949320793152,0.9938783049583435,2777.0,2777.0,50.0,6.495229721069336,22.90987205505371,2.0382025241851807,0.4595804512500763,0.1931399405002594,0.1325049102306366,0.9981145858764648,2652.0,2652.0,50.0,6.000608921051025,23.99535369873047,2.11795711517334,0.45916658639907837,1.6814076900482178,1.7338544130325317,0.003257329575717449,921.0,921.0,50.0,27.943477630615234,20.829423904418945,1.918430209159851,0.4477221965789795,1.898397445678711,2.0012266635894775,0.0,50.0,50.0,33.0,29.666290283203125,23.941455841064453,2.0833353996276855,0.4477812647819519,0.42832067608833313,0.42832061648368835,0.8453124761581421,8431.8740234375,0.421593701171875,9.557832717895508,23.06833839416504,2.0543675422668457,0.4576103091239929
0,99,0.1767505258321762,0.15936894714832306,1.0,2792.0,2792.0,50.0,5.623257160186768,24.535297393798828,2.0709750652313232,0.4581156373023987,0.12599165737628937,0.10607530921697617,1.0,2660.0,2660.0,50.0,4.210851669311523,28.018991470336914,2.3195090293884277,0.46537554264068604,1.4773491621017456,1.4857414960861206,0.0,891.0,891.0,50.0,26.10796356201172,18.125244140625,1.7519199848175049,0.43369531631469727,1.9069130420684814,1.97231125831604,0.0,57.0,57.0,33.0,29.952701568603516,24.48112678527832,2.080815553665161,0.44895291328430176,0.3521307408809662,0.35213083028793335,0.8518750071525574,8431.80078125,0.42159003906250003,8.104764938354492,25.09032440185547,2.12994122505188,0.45765167474746704
0,149,0.16776788234710693,0.1824447363615036,0.9996421337127686,2794.0,2794.0,50.0,5.259566783905029,25.297027587890625,2.168560028076172,0.45838552713394165,0.09777743369340897,0.09915205091238022,1.0,2629.0,2629.0,50.0,3.31557035446167,30.10312843322754,2.5569965839385986,0.4687013626098633,1.3386523723602295,1.2240934371948242,0.011995638720691204,917.0,917.0,50.0,24.240821838378906,15.12283706665039,1.6764625310897827,0.424519419670105,1.8346842527389526,1.7585244178771973,0.0,60.0,60.0,38.0,28.986108779907227,23.04544448852539,2.026096820831299,0.4439986050128937,0.3224102258682251,0.3224102556705475,0.8489062786102295,8431.7275390625,0.421586376953125,7.403104305267334,25.792404174804688,2.2562785148620605,0.4576358199119568
0,199,0.16614124178886414,0.16613534092903137,0.9982207417488098,2810.0,2810.0,50.0,5.152613639831543,25.654117584228516,2.233287811279297,0.46002301573753357,0.08821845054626465,0.08224358409643173,1.0,2621.0,2621.0,50.0,2.9858174324035645,30.83768653869629,2.695145606994629,0.4696187376976013,1.1506067514419556,1.1415778398513794,0.10363835841417313,907.0,907.0,50.0,22.004638671875,11.568216323852539,1.5853077173233032,0.4183347821235657,1.7930675745010376,1.8412635326385498,0.016129033640027046,62.0,62.0,35.0,28.715417861938477,22.331270217895508,2.0081751346588135,0.44448453187942505,0.2895074188709259,0.28950750827789307,0.86265629529953,8431.662109375,0.42158310546875,6.881755352020264,25.748523712158203,2.3284213542938232,0.4578942060470581
0,249,0.15785649418830872,0.150094136595726,0.9940455555915833,2855.0,2855.0,50.0,4.7991766929626465,26.41058349609375,2.361586093902588,0.46020519733428955,0.07252521067857742,0.06782303005456924,1.0,2612.0,2612.0,50.0,2.475348711013794,31.988155364990234,2.9049830436706543,0.47107139229774475,1.0424458980560303,1.017707109451294,0.2540045976638794,874.0,874.0,50.0,20.314367294311523,10.43843936920166,1.5662343502044678,0.41303378343582153,1.8222721815109253,1.829444169998169,0.0,59.0,59.0,37.0,28.41802978515625,22.409936904907227,2.022455930709839,0.43714743852615356,0.2591762840747833,0.25917622447013855,0.8862500190734863,8431.5966796875,0.42157983398437504,6.187294006347656,26.468852996826172,2.471618413925171,0.4579855799674988
0,299,0.15576647222042084,0.15178148448467255,0.9841545224189758,2903.0,2903.0,50.0,4.626999378204346,27.061429977416992,2.4842984676361084,0.46236827969551086,0.06684079766273499,0.06464099884033203,1.0,2522.0,2522.0,50.0,2.2595603466033936,32.39653396606445,3.0356366634368896,0.46997323632240295,0.952152669429779,0.9456130266189575,0.3800000250339508,900.0,900.0,50.0,18.83963966369629,10.553213119506836,1.5748512744903564,0.41301894187927246,1.8351833820343018,1.8350220918655396,0.02666666731238365,75.0,75.0,41.0,28.5693359375,22.22329330444336,2.0615737438201904,0.4491334855556488,0.2523966133594513,0.25239667296409607,0.8942188620567322,8431.5322265625,0.421576611328125,5.973307132720947,26.785629272460938,2.5687153339385986,0.45827025175094604
0,349,0.14834874868392944,0.1375831514596939,0.978155255317688,2884.0,2884.0,50.0,4.313162803649902,27.752458572387695,2.6355090141296387,0.46210068464279175,0.05654633417725563,0.0516379289329052,1.0,2600.0,2600.0,50.0,1.8992857933044434,33.089298248291016,3.2634456157684326,0.47005006670951843,0.8726301789283752,0.874847948551178,0.485615611076355,869.0,869.0,50.0,17.712953567504883,10.589237213134766,1.5754340887069702,0.4104444682598114,1.8625702857971191,1.8229223489761353,0.021276595070958138,47.0,47.0,30.0,28.47745704650879,22.152259826660156,2.0838794708251953,0.4422057271003723,0.22198669612407684,0.22198666632175446,0.9131249189376831,8431.46484375,0.42157324218750003,5.3294219970703125,27.548980712890625,2.742619037628174,0.4581700563430786
0,399,0.1478850543498993,0.13852576911449432,0.9680200815200806,2783.0,2783.0,50.0,4.250253200531006,28.312829971313477,2.730195999145508,0.4648478925228119,0.05346742272377014,0.052040085196495056,0.9988721013069153,2660.0,2660.0,50.0,1.7860801219940186,33.2576904296875,3.352155923843384,0.46895864605903625,0.8061063289642334,0.7888128161430359,0.5544444918632507,900.0,900.0,50.0,16.3686466217041,12.495807647705078,1.6326850652694702,0.4092106223106384,1.8105581998825073,1.6398273706436157,0.05263157933950424,57.0,57.0,35.0,27.165224075317383,20.485410690307617,2.078331232070923,0.4358120262622833,0.21601328253746033,0.21601328253746033,0.9145312309265137,8431.3984375,0.42156992187500003,5.134316444396973,28.07405662536621,2.828555107116699,0.4584738612174988
0,449,0.13713385164737701,0.13067875802516937,0.9674680233001709,2828.0,2828.0,50.0,3.8661515712738037,29.149314880371094,2.912541389465332,0.46455779671669006,0.04787538945674896,0.04870908334851265,0.9996197819709778,2630.0,2630.0,50.0,1.5953115224838257,33.63990783691406,3.5320441722869873,0.4690072238445282,0.7444571256637573,0.7329586148262024,0.6069819331169128,888.0,888.0,50.0,15.38535213470459,13.176920890808105,1.673153042793274,0.41124507784843445,1.6834197044372559,1.5587446689605713,0.037037041038274765,54.0,54.0,37.0,26.004526138305664,19.181137084960938,1.9663890600204468,0.4216316342353821,0.19776712357997894,0.19776710867881775,0.9228124618530273,8431.328125,0.42156640625,4.71806001663208,28.69439125061035,2.9871699810028076,0.4586268961429596
0,499,0.1424819380044937,0.1441812962293625,0.9589382410049438,2825.0,2825.0,50.0,3.9082283973693848,29.62861442565918,2.987288475036621,0.4686221182346344,0.05054519698023796,0.04998644441366196,0.9992391467094421,2629.0,2629.0,50.0,1.6469956636428833,33.25829315185547,3.5423927307128906,0.4645601809024811,0.6263943910598755,0.5732585191726685,0.6957014203071594,884.0,884.0,50.0,13.45505142211914,14.613612174987793,1.7324283123016357,0.4101884365081787,1.853576421737671,1.926485300064087,0.08064518123865128,62.0,62.0,37.0,27.22536849975586,20.860864639282227,2.11665678024292,0.4353928864002228,0.18813267350196838,0.18813267350196838,0.9306250810623169,8431.26171875,0.4215630859375,4.523896217346191,28.96073341369629,3.033553123474121,0.4585604965686798
0,549,0.13196606934070587,0.1391950100660324,0.9594591856002808,2738.0,2738.0,50.0,3.5851383209228516,30.302871704101562,3.1693406105041504,0.4687109887599945,0.043792132288217545,0.04484117403626442,0.9988734722137451,2663.0,2663.0,50.0,1.4258217811584473,33.82136154174805,3.734752655029297,0.46627628803253174,0.6568496227264404,0.6064203381538391,0.6611227989196777,962.0,962.0,50.0,13.696645736694336,15.234867095947266,1.7790541648864746,0.4103716313838959,1.8103374242782593,1.7907874584197998,0.13513512909412384,37.0,37.0,26.0,25.493408203125,19.669021606445312,2.137580156326294,0.4239233434200287,0.1838771402835846,0.18387708067893982,0.9262498617172241,8431.189453125,0.42155947265625004,4.333203315734863,29.440505981445312,3.189662456512451,0.45866984128952026
0,599,0.13235816359519958,0.1327834278345108,0.9547842741012573,2853.0,2853.0,50.0,3.5421125888824463,30.34384536743164,3.2638423442840576,0.4670668840408325,0.040376536548137665,0.03671102598309517,0.9969913363456726,2659.0,2659.0,50.0,1.296223759651184,33.983585357666016,3.8932034969329834,0.46492433547973633,0.6644130349159241,0.6719298958778381,0.6745561957359314,845.0,845.0,50.0,13.37828540802002,16.669143676757812,1.8660231828689575,0.41250255703926086,1.9680287837982178,2.1163899898529053,0.09302324801683426,43.0,43.0,29.0,26.30330467224121,19.840904235839844,2.2717337608337402,0.43164774775505066,0.17672395706176758,0.17672395706176758,0.9295312166213989,8431.1181640625,0.421555908203125,4.060625076293945,29.97998809814453,3.3341007232666016,0.45873457193374634
0,649,0.10987301915884018,0.10434125363826752,0.9668092727661133,2802.0,2802.0,50.0,2.9761993885040283,31.46445083618164,3.523179292678833,0.46953141689300537,0.03837690129876137,0.04318952560424805,0.9992468357086182,2655.0,2655.0,50.0,1.2202152013778687,34.07371139526367,4.020442962646484,0.4642287492752075,0.5905522704124451,0.5557886958122253,0.7093154191970825,891.0,891.0,50.0,12.221145629882812,17.460508346557617,1.913680911064148,0.41120296716690063,1.8139559030532837,2.1475069522857666,0.192307710647583,52.0,52.0,32.0,26.111421585083008,21.520679473876953,2.1779944896698,0.439124196767807,0.1609785258769989,0.1609785407781601,0.9381250143051147,8431.044921875,0.42155224609375,3.7227838039398193,30.5164794921875,3.4944639205932617,0.45896416902542114
0,699,0.1283034384250641,0.11783918738365173,0.9540191292762756,2849.0,2849.0,50.0,3.3412179946899414,31.13995361328125,3.450490713119507,0.46980029344558716,0.04715817794203758,0.04580451175570488,0.9941859245300293,2580.0,2580.0,50.0,1.4314839839935303,33.61955261230469,3.910660982131958,0.4626260995864868,0.5848167538642883,0.5276124477386475,0.7220982313156128,896.0,896.0,50.0,12.089253425598145,18.287776947021484,1.986737847328186,0.41594022512435913,1.802749514579773,1.8542110919952393,0.14666664600372314,75.0,75.0,40.0,25.65199851989746,19.626665115356445,2.1497819423675537,0.42857688665390015,0.17912603914737701,0.17912602424621582,0.928281307220459,8430.9716796875,0.421548583984375,4.0575361251831055,30.20531463623047,3.4158287048339844,0.45888471603393555
0,749,0.12632784247398376,0.12593083083629608,0.9568295478820801,2826.0,2826.0,50.0,3.212693691253662,31.695232391357422,3.6501576900482178,0.4720548391342163,0.03842950984835625,0.0365929901599884,0.9969266653060913,2603.0,2603.0,50.0,1.1913650035858154,34.00474548339844,4.093934535980225,0.46108758449554443,0.5823838114738464,0.5886313915252686,0.7110389471054077,924.0,924.0,50.0,11.736920356750488,19.146703720092773,2.0510270595550537,0.41533467173576355,1.6602948904037476,1.7677347660064697,0.23404258489608765,47.0,47.0,29.0,23.687366485595703,20.385318756103516,2.1153135299682617,0.413968563079834,0.16768604516983032,0.1676860898733139,0.9323438405990601,8430.8955078125,0.421544775390625,3.771627426147461,30.739803314208984,3.5885040760040283,0.45897871255874634
0,799,0.13091522455215454,0.15094901621341705,0.9514113664627075,2799.0,2799.0,50.0,3.265315294265747,31.653621673583984,3.664071559906006,0.4702804684638977,0.03831246867775917,0.037973690778017044,0.9966011643409729,2648.0,2648.0,50.0,1.186017632484436,34.044395446777344,4.139476299285889,0.46185195446014404,0.5501664876937866,0.5121161341667175,0.7189249992370605,893.0,893.0,50.0,11.344467163085938,19.335586547851562,2.078627586364746,0.4173271358013153,1.556296467781067,1.721904993057251,0.14999999105930328,60.0,60.0,34.0,24.18084716796875,17.993993759155273,1.9498350620269775,0.4260900020599365,0.16446250677108765,0.16446243226528168,0.9301563501358032,8430.8193359375,0.421540966796875,3.7283830642700195,30.79599380493164,3.6234803199768066,0.458990216255188
0,849,0.12266404181718826,0.11205971986055374,0.9560284614562988,2820.0,2820.0,50.0,2.965193271636963,32.18590545654297,3.8216538429260254,0.47007349133491516,0.033825263381004333,0.03355875983834267,0.9973322749137878,2624.0,2624.0,50.0,1.0606048107147217,34.24718475341797,4.288533687591553,0.46139034628868103,0.5361157059669495,0.5382161140441895,0.7436463832855225,905.0,905.0,50.0,11.212053298950195,19.6197452545166,2.095899820327759,0.41888779401779175,1.812902808189392,1.9105099439620972,0.1764705777168274,51.0,51.0,35.0,24.71962547302246,20.15439224243164,2.2441673278808594,0.43184733390808105,0.15817385911941528,0.15817388892173767,0.936718761920929,8430.7451171875,0.421537255859375,3.523825168609619,31.158222198486328,3.756471633911133,0.458970844745636
0,899,0.11287320405244827,0.10590894520282745,0.9591910243034363,2769.0,2769.0,50.0,2.8330347537994385,32.44990921020508,3.886486768722534,0.4718760848045349,0.036538392305374146,0.03531864285469055,0.9966229200363159,2665.0,2665.0,50.0,1.1218987703323364,34.17891311645508,4.293006420135498,0.4615309238433838,0.5050239562988281,0.46869954466819763,0.7777777314186096,918.0,918.0,50.0,10.391094207763672,20.665163040161133,2.1882128715515137,0.41566184163093567,1.6573013067245483,1.7195708751678467,0.2500000298023224,48.0,48.0,28.0,24.15314483642578,19.05180549621582,2.0858333110809326,0.4289345145225525,0.1489192545413971,0.1489192545413971,0.9434375762939453,8430.66796875,0.42153339843750004,3.3645169734954834,31.379016876220703,3.7986631393432617,0.459183007478714
0,949,0.12449079751968384,0.12810146808624268,0.9519529342651367,2893.0,2893.0,50.0,2.97988224029541,32.29716491699219,3.9072937965393066,0.47048699855804443,0.038518983870744705,0.037187881767749786,0.9952324628829956,2517.0,2517.0,50.0,1.1641845703125,34.15044403076172,4.302267551422119,0.461760550737381,0.49884501099586487,0.49491429328918457,0.7631862163543701,929.0,929.0,50.0,10.234496116638184,21.103294372558594,2.255409002304077,0.41772210597991943,1.793713927268982,1.6623128652572632,0.16393442451953888,61.0,61.0,38.0,24.937623977661133,20.64713478088379,2.181619167327881,0.41973912715911865,0.16092930734157562,0.160929337143898,0.9340624809265137,8430.5908203125,0.421529541015625,3.52813982963562,31.290124893188477,3.8064002990722656,0.458912193775177
0,999,0.12269950658082962,0.11627963930368423,0.9503721594810486,2821.0,2821.0,50.0,2.8330583572387695,32.70634841918945,4.051176071166992,0.4704013764858246,0.03933769837021828,0.03669822961091995,0.9936687350273132,2685.0,2685.0,50.0,1.186146855354309,33.977474212646484,4.346283912658691,0.460526704788208,0.5362338423728943,0.5062865614891052,0.7440474033355713,840.0,840.0,50.0,10.642597198486328,20.808738708496094,2.2497098445892334,0.41852501034736633,1.6976813077926636,1.948211431503296,0.24074074625968933,54.0,54.0,32.0,23.674747467041016,18.71611976623535,2.1393508911132812,0.4261358082294464,0.15529188513755798,0.15529191493988037,0.9354687929153442,8430.51171875,0.4215255859375,3.3429813385009766,31.560020446777344,3.9224095344543457,0.4590763747692108
0,1049,0.10850654542446136,0.1146361455321312,0.9628686308860779,2747.0,2747.0,50.0,2.646440029144287,32.7301025390625,4.095632076263428,0.4706806242465973,0.03219730034470558,0.03459583967924118,0.9955258369445801,2682.0,2682.0,50.0,0.9645873308181763,34.50713348388672,4.548919677734375,0.4612061381340027,0.5245411992073059,0.4803468883037567,0.7451192736625671,922.0,922.0,50.0,10.768242835998535,20.94005012512207,2.232286214828491,0.420266717672348,1.836357831954956,1.9680089950561523,0.10204079002141953,49.0,49.0,31.0,25.666013717651367,21.049222946166992,2.1732876300811768,0.4269839823246002,0.14969207346439362,0.14969205856323242,0.9385937452316284,8430.4326171875,0.421521630859375,3.2879295349121094,31.686851501464844,4.002431392669678,0.4591129422187805
0,1099,0.1219855323433876,0.12637636065483093,0.9553152918815613,2775.0,2775.0,50.0,2.9379501342773438,32.278987884521484,4.046611309051514,0.47126954793930054,0.03394760191440582,0.03301962465047836,0.9958956837654114,2680.0,2680.0,50.0,1.0396686792373657,34.261985778808594,4.412712097167969,0.46054428815841675,0.45656779408454895,0.47575485706329346,0.7837235927581787,897.0,897.0,50.0,9.359458923339844,22.177059173583984,2.4084296226501465,0.41890615224838257,1.646481990814209,1.6353679895401,0.208333358168602,48.0,48.0,30.0,24.089035034179688,18.984981536865234,2.0777153968811035,0.4257500469684601,0.143447145819664,0.1434471607208252,0.9426563382148743,8430.35546875,0.4215177734375,3.2016923427581787,31.593814849853516,3.95554780960083,0.4590979218482971
0,1149,0.11005815863609314,0.11355656385421753,0.957087516784668,2843.0,2843.0,50.0,2.6398513317108154,32.79032516479492,4.211928844451904,0.4701854884624481,0.030064541846513748,0.028295986354351044,0.9977038502693176,2613.0,2613.0,50.0,0.9416571855545044,34.541378021240234,4.607894420623779,0.4616594910621643,0.46923285722732544,0.43316832184791565,0.7798882126808167,895.0,895.0,50.0,9.632136344909668,21.990081787109375,2.36234974861145,0.4181296229362488,1.6130841970443726,1.6771796941757202,0.3265305757522583,49.0,49.0,32.0,22.040035247802734,18.414213180541992,2.1524574756622314,0.420818030834198,0.13913413882255554,0.13913413882255554,0.9440624713897705,8430.2783203125,0.42151391601562505,3.0728704929351807,31.88483238220215,4.0991740226745605,0.4590468406677246
0,1199,0.11087949573993683,0.13409848511219025,0.9584369659423828,2815.0,2815.0,50.0,2.642165422439575,32.728233337402344,4.261247158050537,0.4693882465362549,0.02973826415836811,0.028171127662062645,0.9965648651123047,2620.0,2620.0,50.0,0.9046194553375244,34.6781120300293,4.675852298736572,0.46171480417251587,0.5090348720550537,0.4727028012275696,0.770165741443634,905.0,905.0,50.0,10.062521934509277,22.259023666381836,2.3931236267089844,0.4223167598247528,1.8239672183990479,1.9672833681106567,0.166666641831398,60.0,60.0,36.0,24.383052825927734,20.17188262939453,2.27736759185791,0.4249856173992157,0.1500241756439209,0.1500241607427597,0.940000057220459,8430.1982421875,0.421509912109375,3.1839632987976074,31.92833709716797,4.148212909698486,0.4591744542121887
0,1249,0.11098265647888184,0.10913389176130295,0.9569310545921326,2763.0,2763.0,50.0,2.611593246459961,33.05503845214844,4.253106594085693,0.47115710377693176,0.03685903176665306,0.03731602802872658,0.9951035380363464,2655.0,2655.0,50.0,1.0673645734786987,34.261436462402344,4.558343887329102,0.46028101444244385,0.43620792031288147,0.42194032669067383,0.8137781620025635,929.0,929.0,50.0,8.881791114807129,23.269771575927734,2.531606674194336,0.4213622510433197,1.5506184101104736,1.4946340322494507,0.264151006937027,53.0,53.0,34.0,22.802047729492188,18.855464935302734,2.062570333480835,0.4261152148246765,0.13936343789100647,0.1393633931875229,0.9462500214576721,8430.12109375,0.4215060546875,3.048340320587158,32.017520904541016,4.111705303192139,0.4590441882610321
0,1271,0.10344821959733963,0.09562966972589493,0.9549407362937927,1265.0,1265.0,22.0,2.530719041824341,32.96397018432617,4.291402816772461,0.47008153796195984,0.032368987798690796,0.029980439692735672,0.9945945143699646,1110.0,1110.0,22.0,0.9789307713508606,34.424381256103516,4.677303791046143,0.4612782597541809,0.460995614528656,0.43782341480255127,0.7936508655548096,378.0,378.0,22.0,9.212247848510742,22.56592559814453,2.4132790565490723,0.4177228808403015,1.497875452041626,1.550276756286621,0.05882352963089943,17.0,17.0,12.0,23.64975357055664,15.647575378417969,1.8715068101882935,0.41343116760253906,0.1319177746772766,0.13231472671031952,0.9433212876319885,8430.0859375,0.421504296875,2.950269937515259,32.02397537231445,4.17489767074585,0.4590612053871155
1,49,0.103867307305336,0.11061810702085495,0.9617680311203003,2851.0,2851.0,50.0,2.445098400115967,33.09160614013672,4.383973598480225,0.47029054164886475,0.03198360651731491,0.031100768595933914,0.9961464405059814,2595.0,2595.0,50.0,0.9575017094612122,34.51994705200195,4.72767972946167,0.461322158575058,0.4586971402168274,0.4345966875553131,0.7900552749633789,905.0,905.0,50.0,9.293766021728516,22.962543487548828,2.4960734844207764,0.4201776683330536,1.7539066076278687,1.9102715253829956,0.24489793181419373,49.0,49.0,33.0,22.946550369262695,18.878215789794922,2.2505807876586914,0.41705313324928284,0.13752897083759308,0.13752898573875427,0.9459376335144043,8430.0087890625,0.42150043945312504,2.9673328399658203,32.12961959838867,4.240041255950928,0.45916029810905457
1,99,0.11756452918052673,0.11601746082305908,0.9535804390907288,2779.0,2779.0,50.0,2.661154270172119,33.06959915161133,4.380558967590332,0.4697818458080292,0.03188425302505493,0.03166761249303818,0.9955339431762695,2687.0,2687.0,50.0,0.9373127818107605,34.58362579345703,4.754178047180176,0.46107709407806396,0.45733633637428284,0.3930079936981201,0.7847380042076111,878.0,878.0,50.0,9.193639755249023,23.24118995666504,2.5298728942871094,0.4211949110031128,1.4447757005691528,1.3858215808868408,0.25000008940696716,56.0,56.0,31.0,21.724184036254883,16.78336524963379,1.9572370052337646,0.41597649455070496,0.13981777429580688,0.1398177444934845,0.9418749809265137,8429.9287109375,0.42149643554687505,3.000386953353882,32.21441650390625,4.262325763702393,0.4589908719062805
1,149,0.1034669280052185,0.1087842658162117,0.9624911546707153,2826.0,2826.0,50.0,2.443777561187744,33.22544860839844,4.460797309875488,0.47064802050590515,0.03041757456958294,0.029735324904322624,0.995440661907196,2632.0,2632.0,50.0,0.9043759703636169,34.54861068725586,4.831630706787109,0.4600222706794739,0.44770941138267517,0.4315152168273926,0.7936148047447205,877.0,877.0,50.0,8.881720542907715,23.477069854736328,2.5367116928100586,0.42081716656684875,1.8487281799316406,1.955718755722046,0.16923075914382935,65.0,65.0,38.0,25.41956901550293,19.875999450683594,2.2079617977142334,0.4300746023654938,0.13832266628742218,0.13832266628742218,0.9448437690734863,8429.8486328125,0.421492431640625,2.926246166229248,32.298187255859375,4.3267621994018555,0.459037721157074
1,199,0.11248186230659485,0.10114593803882599,0.9553889632225037,2802.0,2802.0,50.0,2.522808313369751,33.473655700683594,4.524317741394043,0.4719184637069702,0.02874673902988434,0.025538835674524307,0.995856761932373,2655.0,2655.0,50.0,0.8689544796943665,34.57030487060547,4.819361686706543,0.4599089026451111,0.48741623759269714,0.48722583055496216,0.7736899852752686,897.0,897.0,50.0,9.350960731506348,23.331777572631836,2.5181877613067627,0.41801202297210693,1.7187410593032837,1.9991543292999268,0.15217390656471252,46.0,46.0,31.0,24.074960708618164,19.922786712646484,2.147423505783081,0.41851601004600525,0.14183929562568665,0.14183926582336426,0.9409373998641968,8429.767578125,0.42148837890625,2.948631763458252,32.40974807739258,4.348459243774414,0.4589972496032715
1,249,0.1057748794555664,0.09192000329494476,0.9589285850524902,2800.0,2800.0,50.0,2.463007926940918,33.30950164794922,4.534753799438477,0.4705362915992737,0.029191268607974052,0.02895200625061989,0.9961978197097778,2630.0,2630.0,50.0,0.8618938326835632,34.777801513671875,4.927103042602539,0.4617637097835541,0.3877619504928589,0.40242841839790344,0.8344227075576782,918.0,918.0,50.0,7.957465648651123,23.961912155151367,2.6025617122650146,0.41710567474365234,1.6775894165039062,1.434088110923767,0.21153847873210907,52.0,52.0,33.0,23.766592025756836,19.15926170349121,2.1465139389038086,0.4261302351951599,0.1275223046541214,0.1275223195552826,0.950312614440918,8429.689453125,0.42148447265625,2.7662529945373535,32.457115173339844,4.399431228637695,0.4589065909385681
1,299,0.10607470571994781,0.1193094477057457,0.9601438641548157,2785.0,2785.0,50.0,2.414522647857666,33.402828216552734,4.5629048347473145,0.4706476926803589,0.03140730410814285,0.033682215958833694,0.9943373799324036,2649.0,2649.0,50.0,0.9074509739875793,34.64194869995117,4.9015889167785645,0.460131973028183,0.46704214811325073,0.4277653396129608,0.7856367230415344,919.0,919.0,50.0,9.077881813049316,23.89417266845703,2.6130690574645996,0.4215868413448334,1.926702618598938,1.9873921871185303,0.27659574151039124,47.0,47.0,29.0,23.57554054260254,21.704294204711914,2.441373825073242,0.4239406883716583,0.14037232100963593,0.14037230610847473,0.9442187547683716,8429.60546875,0.4214802734375,2.9029541015625,32.464412689208984,4.407524108886719,0.4589073657989502
1,349,0.11557931452989578,0.1132613942027092,0.9584686160087585,2769.0,2769.0,50.0,2.503002166748047,33.41167449951172,4.571116924285889,0.4702664613723755,0.029516108334064484,0.02795654535293579,0.9954458475112915,2635.0,2635.0,50.0,0.8678293824195862,34.75552749633789,4.950489044189453,0.4617942273616791,0.43434181809425354,0.4051324725151062,0.8098818063735962,931.0,931.0,50.0,8.81263256072998,23.117773056030273,2.5389440059661865,0.4188913404941559,1.8039213418960571,1.7507444620132446,0.2461538463830948,65.0,65.0,36.0,23.58262062072754,19.21471405029297,2.2901737689971924,0.42589622735977173,0.14366266131401062,0.143662691116333,0.9448436498641968,8429.525390625,0.42147626953125,2.961714744567871,32.323333740234375,4.4085283279418945,0.45885419845581055
1,399,0.11470834910869598,0.10408905148506165,0.9528501629829407,2842.0,2842.0,50.0,2.563889741897583,33.07156753540039,4.518465042114258,0.4687592685222626,0.030824143439531326,0.03325958922505379,0.993459165096283,2599.0,2599.0,50.0,0.914254903793335,34.765602111816406,4.9240827560424805,0.46242818236351013,0.39892420172691345,0.44322898983955383,0.8218262791633606,898.0,898.0,50.0,8.275272369384766,23.71656608581543,2.6624319553375244,0.418927401304245,1.546545147895813,1.7344094514846802,0.4098361134529114,61.0,61.0,34.0,21.376148223876953,20.28822135925293,2.211479425430298,0.4260968565940857,0.13416972756385803,0.13416972756385803,0.9457813501358032,8429.443359375,0.42147216796875003,2.8746659755706787,32.32503890991211,4.400771141052246,0.458789587020874
1,449,0.11195620894432068,0.10035400092601776,0.9568012356758118,2801.0,2801.0,50.0,2.5920228958129883,32.94235610961914,4.573753356933594,0.46856018900871277,0.025227338075637817,0.024540813639760017,0.9962149262428284,2642.0,2642.0,50.0,0.7642834782600403,35.01785659790039,5.066532135009766,0.4627060294151306,0.41147515177726746,0.4070984721183777,0.8238573670387268,897.0,897.0,50.0,8.534648895263672,23.16128158569336,2.557553768157959,0.41948115825653076,1.4969244003295898,1.6128861904144287,0.23333336412906647,60.0,60.0,33.0,22.944290161132812,17.863479614257812,2.0018818378448486,0.4251728057861328,0.13111695647239685,0.13111698627471924,0.9476562738418579,8429.3662109375,0.421468310546875,2.861207962036133,32.286903381347656,4.470484256744385,0.45885804295539856
1,499,0.09771610796451569,0.08474186807870865,0.9600840210914612,2856.0,2856.0,50.0,2.2468514442443848,33.61882400512695,4.71968936920166,0.47036975622177124,0.03161454200744629,0.032077353447675705,0.9922600984573364,2584.0,2584.0,50.0,0.8958175778388977,34.7609748840332,5.0336995124816895,0.4608442783355713,0.432577520608902,0.418589323759079,0.8024283051490784,906.0,906.0,50.0,8.708938598632812,23.698205947875977,2.605370044708252,0.41934654116630554,1.863861322402954,2.0020647048950195,0.24074074625968933,54.0,54.0,31.0,24.152841567993164,19.719276428222656,2.323840379714966,0.4249116778373718,0.13333328068256378,0.1333332657814026,0.94468754529953,8429.28515625,0.4214642578125,2.800992488861084,32.55830383300781,4.526947975158691,0.4589173197746277
1,549,0.10637082904577255,0.12127289921045303,0.9584380388259888,2791.0,2791.0,50.0,2.390338182449341,33.49701690673828,4.663400173187256,0.469736784696579,0.03336185961961746,0.03516637906432152,0.9924783706665039,2659.0,2659.0,50.0,0.9543117880821228,34.65643310546875,4.963296413421631,0.46134430170059204,0.3701362907886505,0.3383500576019287,0.8409855365753174,893.0,893.0,50.0,7.732119560241699,24.35495948791504,2.716606616973877,0.41941165924072266,1.3978139162063599,1.4124841690063477,0.24561403691768646,57.0,57.0,33.0,22.27709197998047,18.034517288208008,1.9247149229049683,0.4265758991241455,0.12434331327676773,0.12434332072734833,0.9498438239097595,8429.205078125,0.42146025390625,2.7161760330200195,32.56540298461914,4.491967678070068,0.4588436484336853
1,599,0.10759059339761734,0.10848748683929443,0.9546858668327332,2913.0,2913.0,50.0,2.3833630084991455,33.36383819580078,4.718632698059082,0.4682200253009796,0.02472556009888649,0.024000415578484535,0.997230052947998,2527.0,2527.0,50.0,0.7430744767189026,35.01926803588867,5.158149242401123,0.4618741571903229,0.44703739881515503,0.4224725365638733,0.808370053768158,908.0,908.0,50.0,8.637325286865234,24.464733123779297,2.640489101409912,0.4218143820762634,1.5535516738891602,1.1272895336151123,0.326923131942749,52.0,52.0,34.0,22.069414138793945,19.11625862121582,2.1623475551605225,0.4258255660533905,0.13477930426597595,0.13477930426597595,0.9456250667572021,8429.123046875,0.42145615234375,2.782935380935669,32.63915252685547,4.576566696166992,0.45878612995147705
1,649,0.10294576734304428,0.09563056379556656,0.9615247845649719,2781.0,2781.0,50.0,2.2870209217071533,33.59811782836914,4.802342891693115,0.46869564056396484,0.02884906716644764,0.027067475020885468,0.9954988956451416,2666.0,2666.0,50.0,0.8399650454521179,34.862850189208984,5.098366737365723,0.4616386890411377,0.4076416492462158,0.377216637134552,0.8101544976234436,906.0,906.0,50.0,8.344934463500977,24.07011604309082,2.645993232727051,0.4216529130935669,1.514696478843689,1.4330109357833862,0.2978723347187042,47.0,47.0,29.0,21.864110946655273,18.454761505126953,2.108682155609131,0.42409414052963257,0.12558092176914215,0.12558092176914215,0.9493750333786011,8429.0439453125,0.421452197265625,2.6855742931365967,32.66494369506836,4.600615501403809,0.45876896381378174
1,699,0.11232134699821472,0.10123930126428604,0.9561498761177063,2805.0,2805.0,50.0,2.4909982681274414,33.221683502197266,4.760690212249756,0.46889129281044006,0.028095584362745285,0.030891017988324165,0.9954580664634705,2642.0,2642.0,50.0,0.8232029676437378,34.87411880493164,5.1239824295043945,0.4622073769569397,0.43712547421455383,0.3927781283855438,0.8106577396392822,882.0,882.0,50.0,8.581802368164062,24.58169174194336,2.69260835647583,0.41969946026802063,1.5219602584838867,1.5606473684310913,0.3239436745643616,71.0,71.0,36.0,21.440448760986328,19.440387725830078,2.1825807094573975,0.4175446033477783,0.13795213401317596,0.13795214891433716,0.9453126192092896,8428.9609375,0.42144804687500004,2.852120876312256,32.56024169921875,4.597053527832031,0.45878320932388306
1,749,0.10806978493928909,0.10026916116476059,0.9562704563140869,2767.0,2767.0,50.0,2.3869094848632812,33.436790466308594,4.790268421173096,0.4682330787181854,0.027509428560733795,0.02474515698850155,0.9952100515365601,2714.0,2714.0,50.0,0.7924094796180725,34.97199249267578,5.175369739532471,0.4617890417575836,0.41054320335388184,0.3901718854904175,0.828341007232666,868.0,868.0,50.0,8.09600830078125,25.02897071838379,2.734799861907959,0.42165181040763855,1.5213758945465088,1.4911420345306396,0.37254899740219116,51.0,51.0,30.0,21.13101577758789,17.9670352935791,2.110839605331421,0.41419708728790283,0.12619242072105408,0.12619240581989288,0.9507812857627869,8428.87890625,0.4214439453125,2.6344053745269775,32.82422637939453,4.653450965881348,0.45875221490859985
1,799,0.09941606968641281,0.09718090295791626,0.961361289024353,2821.0,2821.0,50.0,2.219996929168701,33.59013366699219,4.883501052856445,0.46908414363861084,0.028246525675058365,0.025713354349136353,0.9946358799934387,2610.0,2610.0,50.0,0.8150128722190857,34.937110900878906,5.2311601638793945,0.461816668510437,0.4485585391521454,0.44173088669776917,0.7993492484092712,922.0,922.0,50.0,8.82542610168457,23.642650604248047,2.625570297241211,0.4206704795360565,1.5082117319107056,1.7818011045455933,0.297872394323349,47.0,47.0,31.0,22.04294204711914,19.374650955200195,2.0795223712921143,0.4218941926956177,0.13103646039962769,0.1310364156961441,0.946718692779541,8428.796875,0.42143984375000004,2.7441961765289307,32.601993560791016,4.67940616607666,0.45879924297332764
1,849,0.1093774139881134,0.09673984348773956,0.9577366709709167,2863.0,2863.0,50.0,2.344088554382324,33.689361572265625,4.876009941101074,0.4694538712501526,0.028668822720646858,0.02586706168949604,0.9949455857276917,2572.0,2572.0,50.0,0.8285931944847107,34.877899169921875,5.201291084289551,0.461300790309906,0.39970478415489197,0.42755576968193054,0.825799286365509,907.0,907.0,50.0,8.081449508666992,24.30626678466797,2.680049419403076,0.4197329878807068,1.5768274068832397,1.2335121631622314,0.36206895112991333,58.0,58.0,32.0,20.864126205444336,19.652673721313477,2.2302792072296143,0.4199292063713074,0.13138626515865326,0.13138625025749207,0.9485937356948853,8428.716796875,0.42143583984375,2.7159783840179443,32.71003723144531,4.671546459197998,0.4586821496486664
1,899,0.11613622307777405,0.11698263138532639,0.9473685026168823,2774.0,2774.0,50.0,2.523036241531372,33.43289566040039,4.829489707946777,0.46924304962158203,0.030118022114038467,0.02991805598139763,0.9931947588920593,2645.0,2645.0,50.0,0.8437089920043945,35.00204086303711,5.220774173736572,0.4623759090900421,0.3916324973106384,0.3477367162704468,0.8130435943603516,920.0,920.0,50.0,8.149645805358887,24.174619674682617,2.7104687690734863,0.4179273843765259,1.3439347743988037,1.2672407627105713,0.3606557548046112,61.0,61.0,35.0,20.373554229736328,19.45737075805664,2.1023454666137695,0.42703962326049805,0.1318916231393814,0.13189156353473663,0.9414063096046448,8428.6337890625,0.42143168945312504,2.807964563369751,32.617313385009766,4.660597801208496,0.4586261212825775
1,949,0.10627572983503342,0.09421442449092865,0.955668568611145,2752.0,2752.0,50.0,2.3422749042510986,33.61725997924805,4.946834564208984,0.46901562809944153,0.029180942103266716,0.02230667509138584,0.9944995045661926,2727.0,2727.0,50.0,0.8307458162307739,34.93361282348633,5.274326324462891,0.46195298433303833,0.436692476272583,0.4434243440628052,0.8099653720855713,863.0,863.0,50.0,8.796249389648438,23.464113235473633,2.623339891433716,0.4185997545719147,1.3071093559265137,1.0942846536636353,0.3448276221752167,58.0,58.0,33.0,19.712379455566406,17.890399932861328,2.054464817047119,0.41963404417037964,0.12886326014995575,0.12886330485343933,0.9470313191413879,8428.552734375,0.42142763671875,2.7259163856506348,32.66653823852539,4.746855735778809,0.45876049995422363
1,999,0.1063031479716301,0.11980998516082764,0.9564905762672424,2804.0,2804.0,50.0,2.3297111988067627,33.50284957885742,4.911770343780518,0.4683470129966736,0.02660497836768627,0.02947188727557659,0.9951091408729553,2658.0,2658.0,50.0,0.7399319410324097,35.191871643066406,5.342818737030029,0.4627363979816437,0.385174036026001,0.3849729001522064,0.8387097120285034,899.0,899.0,50.0,7.802646636962891,24.54654312133789,2.7060303688049316,0.41831910610198975,1.411276936531067,1.3434277772903442,0.384615421295166,39.0,39.0,26.0,21.061521530151367,17.946834564208984,2.0129621028900146,0.42171451449394226,0.12032832205295563,0.12032832950353622,0.9524999856948853,8428.47265625,0.4214236328125,2.5523791313171387,32.85144805908203,4.763287544250488,0.458705335855484
1,1049,0.10002418607473373,0.114722341299057,0.9591474533081055,2815.0,2815.0,50.0,2.2703449726104736,33.41889190673828,4.9273905754089355,0.46788859367370605,0.029552999883890152,0.03235756233334541,0.9927507042884827,2621.0,2621.0,50.0,0.8427965044975281,35.08979034423828,5.337915897369385,0.4640079736709595,0.39102378487586975,0.34506863355636597,0.8281248211860657,896.0,896.0,50.0,7.7467498779296875,24.50741958618164,2.755282402038574,0.41498687863349915,1.444150686264038,1.4497292041778564,0.3529411852359772,68.0,68.0,38.0,21.360029220581055,18.468305587768555,2.05741810798645,0.4199744760990143,0.1261853575706482,0.1261853277683258,0.948124885559082,8428.390625,0.42141953125000003,2.6552438735961914,32.69672393798828,4.760924816131592,0.4583840072154999
1,1099,0.10372476279735565,0.11718997359275818,0.9592921137809753,2825.0,2825.0,50.0,2.281970739364624,33.73519515991211,4.967353820800781,0.46911752223968506,0.028174933046102524,0.030578946694731712,0.9926186203956604,2574.0,2574.0,50.0,0.7938514351844788,35.11368179321289,5.381326675415039,0.46296077966690063,0.4012472927570343,0.38425856828689575,0.8202127814292908,940.0,940.0,50.0,8.257488250732422,23.606321334838867,2.634474992752075,0.4172021746635437,1.6753380298614502,1.4074759483337402,0.2950819432735443,61.0,61.0,34.0,22.13800048828125,19.575117111206055,2.2759833335876465,0.4181802570819855,0.13201768696308136,0.13201762735843658,0.9459375739097595,8428.3095703125,0.421415478515625,2.7503745555877686,32.666961669921875,4.765554904937744,0.4585307836532593
1,1149,0.10915766656398773,0.10478603839874268,0.9529370069503784,2826.0,2826.0,50.0,2.407604217529297,33.4103889465332,4.90085506439209,0.46752893924713135,0.026092642918229103,0.02730020135641098,0.994678795337677,2631.0,2631.0,50.0,0.7332965731620789,35.29462432861328,5.415509223937988,0.46393683552742004,0.40928688645362854,0.399980366230011,0.827740490436554,894.0,894.0,50.0,7.981648921966553,24.730213165283203,2.757885694503784,0.41524890065193176,1.3262591361999512,1.1641771793365479,0.3469387888908386,49.0,49.0,31.0,21.205507278442383,15.38774299621582,1.9250366687774658,0.425293505191803,0.1262528896331787,0.1262528896331787,0.9479687213897705,8428.2275390625,0.421411376953125,2.641852617263794,32.83448791503906,4.79029655456543,0.45842602849006653
1,1199,0.1006801649928093,0.09864085167646408,0.9623956680297852,2872.0,2872.0,50.0,2.1897199153900146,33.62226486206055,4.997946739196777,0.4679383337497711,0.024157578125596046,0.022734353318810463,0.9953576922416687,2585.0,2585.0,50.0,0.7039042711257935,35.21028137207031,5.461730003356934,0.4627673327922821,0.4053458571434021,0.42822468280792236,0.8142381310462952,899.0,899.0,50.0,8.161036491394043,24.26951789855957,2.7132441997528076,0.41828036308288574,1.5971561670303345,1.460796594619751,0.40909096598625183,44.0,44.0,29.0,21.652305603027344,18.420377731323242,2.221666097640991,0.4228900372982025,0.12285648286342621,0.1228564977645874,0.9510937929153442,8428.1455078125,0.421407275390625,2.562178134918213,32.84539031982422,4.8452558517456055,0.4585646390914917
1,1249,0.10696166753768921,0.07872531563043594,0.9561865925788879,2853.0,2853.0,50.0,2.344909429550171,33.543251037597656,4.999188423156738,0.46834447979927063,0.023957639932632446,0.025163717567920685,0.9942878484725952,2626.0,2626.0,50.0,0.7100593447685242,35.13969039916992,5.471859931945801,0.46218958497047424,0.43179619312286377,0.41127967834472656,0.8169337511062622,874.0,874.0,50.0,8.31778621673584,24.095548629760742,2.695765256881714,0.4163298010826111,1.372399091720581,1.3096787929534912,0.42553192377090454,47.0,47.0,30.0,20.035703659057617,18.010541915893555,2.1118662357330322,0.42215871810913086,0.1265573650598526,0.1265573501586914,0.9489063024520874,8428.0615234375,0.421403076171875,2.6196978092193604,32.79401779174805,4.857366561889648,0.4583766460418701
1,1271,0.09446798264980316,0.0921400785446167,0.9657644033432007,1256.0,1256.0,22.0,2.071540117263794,33.84296417236328,5.02691650390625,0.4689226746559143,0.026665711775422096,0.02861817739903927,0.9927863478660583,1109.0,1109.0,22.0,0.7689158320426941,35.070465087890625,5.471220970153809,0.4616972804069519,0.45697641372680664,0.40262943506240845,0.7963448762893677,383.0,383.0,22.0,8.440688133239746,24.372512817382812,2.7946643829345703,0.4155397415161133,1.9281708002090454,1.7780299186706543,0.1818181872367859,22.0,22.0,14.0,24.837656021118164,18.528017044067383,2.3418354988098145,0.43465137481689453,0.13159137964248657,0.13200931251049042,0.9469314813613892,8428.025390625,0.42140126953125,2.611477851867676,32.9033203125,4.874826431274414,0.45837661623954773
2,49,0.10127510130405426,0.08466631919145584,0.9603399634361267,2824.0,2824.0,50.0,2.18882155418396,33.78612518310547,5.068129062652588,0.4692436158657074,0.027373209595680237,0.02281372994184494,0.9930664300918579,2596.0,2596.0,50.0,0.7459598183631897,35.21098327636719,5.482554912567139,0.46301138401031494,0.37183791399002075,0.3786533772945404,0.8378674387931824,919.0,919.0,50.0,7.530957221984863,24.48656463623047,2.721306324005127,0.41551458835601807,1.4350688457489014,1.3373169898986816,0.2950820028781891,61.0,61.0,37.0,21.553787231445312,17.7469482421875,2.033482789993286,0.42267900705337524,0.12286253273487091,0.12286249548196793,0.9496876001358032,8427.9443359375,0.42139721679687503,2.5552303791046143,32.875850677490234,4.870317459106445,0.4585567116737366
2,99,0.1044212356209755,0.09457437694072723,0.9567023515701294,2887.0,2887.0,50.0,2.273212432861328,33.60487747192383,5.010383605957031,0.4675646722316742,0.027144482359290123,0.02711889147758484,0.9918856024742126,2588.0,2588.0,50.0,0.7749812602996826,35.1764030456543,5.454334259033203,0.46319901943206787,0.3589041829109192,0.36138948798179626,0.8408306241035461,867.0,867.0,50.0,7.43458890914917,24.842021942138672,2.766170024871826,0.415566623210907,1.7450547218322754,1.9401715993881226,0.32758617401123047,58.0,58.0,29.0,22.803306579589844,21.305885314941406,2.309546947479248,0.42071932554244995,0.12251520156860352,0.12251517176628113,0.9495311975479126,8427.86328125,0.42139316406250005,2.5526247024536133,32.941810607910156,4.8614091873168945,0.4583306610584259
2,149,0.09191948920488358,0.08195275068283081,0.960777223110199,2830.0,2830.0,50.0,2.0796260833740234,33.71012878417969,5.0959038734436035,0.46669477224349976,0.023002339527010918,0.0212000273168087,0.9938176274299622,2588.0,2588.0,50.0,0.6566649675369263,35.41659927368164,5.59190559387207,0.46398910880088806,0.3744480013847351,0.3740220069885254,0.82758629322052,928.0,928.0,50.0,7.789064884185791,24.534250259399414,2.7403979301452637,0.4182344675064087,1.53482186794281,1.4771668910980225,0.29629620909690857,54.0,54.0,34.0,22.682525634765625,18.167884826660156,2.0494377613067627,0.4266835153102875,0.11719225347042084,0.11719223856925964,0.9492186307907104,8427.78125,0.4213890625,2.5059216022491455,32.938541412353516,4.929221153259277,0.4582362771034241
2,199,0.11620397865772247,0.12629899382591248,0.9547222852706909,2827.0,2827.0,50.0,2.4349706172943115,33.52580642700195,4.9993767738342285,0.46862056851387024,0.025654546916484833,0.02921747788786888,0.9931585192680359,2631.0,2631.0,50.0,0.7176331877708435,35.16494369506836,5.441166877746582,0.46167999505996704,0.3618219494819641,0.33627527952194214,0.8421645164489746,887.0,887.0,50.0,7.29136848449707,25.400327682495117,2.8525168895721436,0.41755199432373047,1.481191635131836,1.5870827436447144,0.418181836605072,55.0,55.0,38.0,20.716938018798828,19.570356369018555,2.1747019290924072,0.41986140608787537,0.12475116550922394,0.12475115060806274,0.9503124952316284,8427.701171875,0.42138505859375003,2.5591609477996826,32.953575134277344,4.859178066253662,0.45827051997184753
2,249,0.09008879214525223,0.08079523593187332,0.9626731872558594,2813.0,2813.0,50.0,2.027193069458008,33.83676528930664,5.172025680541992,0.4673789143562317,0.024037744849920273,0.02173861674964428,0.9954853653907776,2658.0,2658.0,50.0,0.6864145398139954,35.28447723388672,5.587761402130127,0.4628952741622925,0.3503280282020569,0.329996258020401,0.8548387289047241,868.0,868.0,50.0,7.409124851226807,24.496511459350586,2.721440076828003,0.4171755611896515,1.3545639514923096,1.7641338109970093,0.3770492672920227,61.0,61.0,35.0,19.619264602661133,17.01565933227539,2.09956693649292,0.41502323746681213,0.11000394821166992,0.11000393331050873,0.9560936689376831,8427.619140625,0.42138095703125,2.367949962615967,33.01091766357422,4.983040809631348,0.45820894837379456
2,299,0.10132286697626114,0.11466731876134872,0.9599714279174805,2798.0,2798.0,50.0,2.193265676498413,33.67530059814453,5.129711627960205,0.4671793580055237,0.027254991233348846,0.029719240963459015,0.9935776591300964,2647.0,2647.0,50.0,0.7798422574996948,35.16181182861328,5.540755748748779,0.46339288353919983,0.38752296566963196,0.33717161417007446,0.8416945934295654,897.0,897.0,50.0,7.817216396331787,24.21367645263672,2.7247560024261475,0.417023241519928,1.6223955154418945,1.7072715759277344,0.32758626341819763,58.0,58.0,33.0,21.709196090698242,19.954700469970703,2.255823850631714,0.4218853712081909,0.12458629906177521,0.1245863139629364,0.9515625238418579,8427.537109375,0.42137685546875003,2.573777675628662,32.839664459228516,4.936602592468262,0.45817309617996216
2,349,0.09348403662443161,0.09836842119693756,0.9572136402130127,2828.0,2828.0,50.0,2.127146005630493,33.732051849365234,5.150979518890381,0.4676087498664856,0.02249198406934738,0.02117054909467697,0.9968847036361694,2568.0,2568.0,50.0,0.6647164225578308,35.34587097167969,5.58170223236084,0.46382012963294983,0.4048352539539337,0.354200541973114,0.8270834684371948,960.0,960.0,50.0,7.842788219451904,24.972511291503906,2.830329179763794,0.4167199432849884,1.2858306169509888,1.3855626583099365,0.34090912342071533,44.0,44.0,31.0,19.52330780029297,16.652667999267578,2.083503246307373,0.4247635304927826,0.11989850550889969,0.11989855021238327,0.9493750333786011,8427.45703125,0.42137285156250004,2.5172910690307617,32.948246002197266,4.954620838165283,0.4581606984138489
2,399,0.11534947156906128,0.12832482159137726,0.9517095685005188,2837.0,2837.0,50.0,2.475755453109741,33.30167007446289,5.041362285614014,0.46631893515586853,0.024524137377738953,0.02193184196949005,0.9965144395828247,2582.0,2582.0,50.0,0.7092084288597107,35.364288330078125,5.587172985076904,0.4648175537586212,0.3957330286502838,0.4251212775707245,0.8259456753730774,925.0,925.0,50.0,7.695197105407715,25.136207580566406,2.896962881088257,0.4169110655784607,1.6814061403274536,1.7963145971298218,0.33928579092025757,56.0,56.0,32.0,22.248926162719727,20.511070251464844,2.3089749813079834,0.43329936265945435,0.1329343318939209,0.1329343020915985,0.9462500810623169,8427.373046875,0.42136865234375004,2.6904518604278564,32.84172439575195,4.927721977233887,0.45828330516815186
2,449,0.10661716014146805,0.11580471694469452,0.9544293880462646,2743.0,2743.0,50.0,2.3072450160980225,33.58760070800781,5.127922058105469,0.46763744950294495,0.024000998586416245,0.02808346226811409,0.9962120652198792,2640.0,2640.0,50.0,0.7070590853691101,35.40446472167969,5.58404541015625,0.4648405611515045,0.3939458131790161,0.3564000129699707,0.8305614590644836,962.0,962.0,50.0,7.506812572479248,25.434656143188477,2.8441693782806396,0.41467544436454773,1.1562552452087402,0.9976512789726257,0.41818180680274963,55.0,55.0,33.0,18.521875381469727,17.238866806030273,1.9495047330856323,0.4156988263130188,0.12474745512008667,0.12474741041660309,0.9484374523162842,8427.2890625,0.42136445312500004,2.56807279586792,32.9710693359375,4.945481777191162,0.458076536655426
2,499,0.10513516515493393,0.09805028140544891,0.957654595375061,2763.0,2763.0,50.0,2.262228488922119,33.43775177001953,5.064238548278809,0.4671292006969452,0.022076386958360672,0.025173231959342957,0.9958570003509521,2655.0,2655.0,50.0,0.6399816274642944,35.471527099609375,5.6355814933776855,0.4645042419433594,0.3433765172958374,0.3192330002784729,0.860261857509613,916.0,916.0,50.0,7.061740875244141,25.293954849243164,2.842303991317749,0.41542842984199524,1.2054016590118408,1.0961867570877075,0.43939393758773804,66.0,66.0,37.0,19.225345611572266,17.267324447631836,1.9830931425094604,0.4239121973514557,0.11612353473901749,0.11612354218959808,0.9542186856269836,8427.2080078125,0.421360400390625,2.4511117935180664,32.94911193847656,4.951467514038086,0.45819488167762756
2,549,0.09700940549373627,0.08878898620605469,0.9648294448852539,2758.0,2758.0,50.0,2.185175657272339,33.409061431884766,5.1088032722473145,0.4662032723426819,0.023371431976556778,0.022685136646032333,0.9955005645751953,2667.0,2667.0,50.0,0.6761747598648071,35.373741149902344,5.693525791168213,0.4647332727909088,0.38858285546302795,0.4039226174354553,0.8483208417892456,923.0,923.0,50.0,7.540922164916992,25.4482421875,2.8904635906219482,0.4174903631210327,1.4867277145385742,1.3557822704315186,0.32692310214042664,52.0,52.0,29.0,21.057674407958984,18.091388702392578,2.091597557067871,0.41334253549575806,0.11966490745544434,0.11966490745544434,0.9556249380111694,8427.126953125,0.42135634765625,2.4820845127105713,32.955223083496094,5.008027076721191,0.4581359028816223
2,599,0.11584220826625824,0.10776959359645844,0.948855459690094,2796.0,2796.0,50.0,2.4059293270111084,33.465938568115234,5.165379047393799,0.4657641053199768,0.02875310368835926,0.02965458296239376,0.9924670457839966,2655.0,2655.0,50.0,0.7764865159988403,35.28764343261719,5.670652389526367,0.46455687284469604,0.3873738646507263,0.37954699993133545,0.8258928060531616,896.0,896.0,50.0,7.695720195770264,25.111825942993164,2.850029230117798,0.4170745313167572,1.6393249034881592,1.4772617816925049,0.28301894664764404,53.0,53.0,35.0,22.609697341918945,19.808574676513672,2.218517303466797,0.42486271262168884,0.13034464418888092,0.13034459948539734,0.944218635559082,8427.0439453125,0.421352197265625,2.637848377227783,32.93898391723633,5.026435852050781,0.45810800790786743
2,649,0.11004053801298141,0.1151781976222992,0.950664758682251,2858.0,2858.0,50.0,2.3692173957824707,33.4690055847168,5.152049541473389,0.4660862386226654,0.022853299975395203,0.027274293825030327,0.9953614473342896,2587.0,2587.0,50.0,0.6536869406700134,35.471988677978516,5.730518341064453,0.4643949568271637,0.38668420910835266,0.3543611168861389,0.825027585029602,903.0,903.0,50.0,7.799795627593994,24.344425201416016,2.730900526046753,0.41484782099723816,1.5732579231262207,1.8645644187927246,0.3653847277164459,52.0,52.0,32.0,21.593313217163086,19.068965911865234,2.2559287548065186,0.4303336441516876,0.12571915984153748,0.12571915984153748,0.9462499618530273,8426.9619140625,0.42134809570312504,2.598184108734131,32.874229431152344,5.020737648010254,0.45788267254829407
2,699,0.09567081183195114,0.09113647788763046,0.9601436257362366,2785.0,2785.0,50.0,2.1578264236450195,33.471431732177734,5.170190811157227,0.4659072160720825,0.023133371025323868,0.020520661026239395,0.9958585500717163,2656.0,2656.0,50.0,0.6631683707237244,35.48341369628906,5.788243293762207,0.4650755524635315,0.40172502398490906,0.4030034840106964,0.825274646282196,910.0,910.0,50.0,7.798532962799072,24.92340660095215,2.787839412689209,0.4146685004234314,1.657362699508667,1.716592788696289,0.2040816843509674,49.0,49.0,29.0,23.534282684326172,19.270519256591797,2.124110221862793,0.4160615801811218,0.12104159593582153,0.12104156613349915,0.9500000476837158,8426.8798828125,0.421343994140625,2.5032448768615723,32.98225784301758,5.064620494842529,0.4578949511051178
2,749,0.10527032613754272,0.1116127297282219,0.9586628079414368,2782.0,2782.0,50.0,2.2343387603759766,33.50710678100586,5.133684158325195,0.4655934274196625,0.02253359742462635,0.023788701742887497,0.9965924024581909,2641.0,2641.0,50.0,0.6391941905021667,35.616676330566406,5.7671332359313965,0.46585485339164734,0.38104715943336487,0.33343714475631714,0.8439180850982666,929.0,929.0,50.0,7.576781749725342,24.694108963012695,2.8167593479156494,0.41386348009109497,1.1935535669326782,1.1464340686798096,0.5416667461395264,48.0,48.0,34.0,16.753000259399414,17.350696563720703,2.095628499984741,0.40838247537612915,0.11932134628295898,0.11932136118412018,0.9545313119888306,8426.796875,0.42133984375,2.4604713916778564,32.977195739746094,5.035979270935059,0.45776331424713135
2,799,0.10525808483362198,0.09734826534986496,0.9602863192558289,2795.0,2795.0,50.0,2.2301714420318604,33.45549774169922,5.160435676574707,0.46429243683815,0.02356014773249626,0.02181117609143257,0.9936989545822144,2698.0,2698.0,50.0,0.6716637015342712,35.48286056518555,5.7902936935424805,0.46515151858329773,0.36963951587677,0.356161892414093,0.8441556692123413,847.0,847.0,50.0,7.370898723602295,25.25839614868164,2.839550733566284,0.4147959053516388,1.6966049671173096,2.081456422805786,0.3333333134651184,60.0,60.0,34.0,21.94389533996582,19.786911010742188,2.357250213623047,0.42780712246894836,0.12072540074586868,0.12072540819644928,0.953125,8426.7138671875,0.42133569335937504,2.4383223056793213,33.0971794128418,5.092525482177734,0.4577620029449463
2,849,0.10438524186611176,0.09208866208791733,0.9543832540512085,2806.0,2806.0,50.0,2.2291266918182373,33.53000259399414,5.242342948913574,0.4641931354999542,0.02075323276221752,0.021046537905931473,0.9966074824333191,2653.0,2653.0,50.0,0.5966215133666992,35.647850036621094,5.835381507873535,0.46580278873443604,0.3770654797554016,0.3971445858478546,0.8420456051826477,880.0,880.0,50.0,7.531062602996826,24.5821533203125,2.7861015796661377,0.41466644406318665,1.7579907178878784,1.5971364974975586,0.36065587401390076,61.0,61.0,31.0,22.676610946655273,20.7974853515625,2.32967209815979,0.4303416311740875,0.12297160178422928,0.12297161668539047,0.9507811069488525,8426.630859375,0.42133154296875003,2.476308584213257,33.05622863769531,5.122681617736816,0.4577278196811676
2,899,0.10439921170473099,0.11945866793394089,0.956047534942627,2844.0,2844.0,50.0,2.211463451385498,33.55173110961914,5.2008514404296875,0.4649364948272705,0.02440820075571537,0.021391943097114563,0.9957430362701416,2584.0,2584.0,50.0,0.6902621388435364,35.48849868774414,5.771548271179199,0.4656328856945038,0.39109107851982117,0.3426131010055542,0.8299024105072021,923.0,923.0,50.0,7.689052581787109,24.879846572875977,2.8081624507904053,0.414814293384552,1.6236178874969482,1.5095300674438477,0.3877551257610321,49.0,49.0,28.0,21.495590209960938,18.949356079101562,2.2918646335601807,0.43383947014808655,0.1250806748867035,0.12508070468902588,0.949531078338623,8426.5478515625,0.421327392578125,2.534893751144409,32.97125244140625,5.06392765045166,0.4577510356903076
2,949,0.11041172593832016,0.1085362359881401,0.9546278715133667,2755.0,2755.0,50.0,2.2822048664093018,33.535797119140625,5.152178764343262,0.4655040204524994,0.02490435726940632,0.027411803603172302,0.9944570064544678,2706.0,2706.0,50.0,0.7082222104072571,35.45371627807617,5.7481770515441895,0.4654054045677185,0.35976123809814453,0.31943053007125854,0.8524404764175415,881.0,881.0,50.0,7.279534339904785,24.55518341064453,2.7670085430145264,0.4118679165840149,1.4989439249038696,1.2807700634002686,0.3965517580509186,58.0,58.0,30.0,20.023468017578125,18.524511337280273,2.20556902885437,0.4211289584636688,0.12116624414920807,0.12116623669862747,0.9523438215255737,8426.462890625,0.42132314453125,2.4653990268707275,32.97444152832031,5.049137115478516,0.45767682790756226
2,999,0.09690791368484497,0.10581792891025543,0.9601662755012512,2887.0,2887.0,50.0,2.1213717460632324,33.50674819946289,5.213002681732178,0.46450331807136536,0.023246070370078087,0.02280539460480213,0.9927452206611633,2619.0,2619.0,50.0,0.6589858531951904,35.56553268432617,5.89015531539917,0.4656958281993866,0.38093605637550354,0.37612518668174744,0.8419811129570007,848.0,848.0,50.0,7.376241207122803,24.876869201660156,2.827281951904297,0.4125571846961975,1.7892862558364868,1.9203200340270996,0.2608695924282074,46.0,46.0,31.0,22.529869079589844,21.45724105834961,2.442298650741577,0.4216291308403015,0.11656180024147034,0.11656180769205093,0.9528124928474426,8426.380859375,0.42131904296875,2.3658924102783203,33.119178771972656,5.154083728790283,0.45780032873153687
2,1049,0.09119629114866257,0.08769088238477707,0.9645092487335205,2874.0,2874.0,50.0,1.9498957395553589,33.819557189941406,5.326308250427246,0.4646444022655487,0.022671258077025414,0.02171480841934681,0.9953951239585876,2606.0,2606.0,50.0,0.6525649428367615,35.545894622802734,5.894104957580566,0.46553555130958557,0.3654591739177704,0.3273158669471741,0.8400925993919373,863.0,863.0,50.0,7.480027675628662,24.52985382080078,2.756958246231079,0.4127609431743622,1.6930257081985474,1.6417009830474854,0.2631578743457794,57.0,57.0,33.0,22.75921630859375,17.96379280090332,2.2150914669036865,0.4190029203891754,0.11454271525144577,0.11454268544912338,0.9540623426437378,8426.2998046875,0.421314990234375,2.352675676345825,33.12862777709961,5.183337688446045,0.4576045870780945
2,1099,0.10147308558225632,0.11425505578517914,0.9567967057228088,2847.0,2847.0,50.0,2.2125868797302246,33.39999008178711,5.198031425476074,0.4651862680912018,0.023387661203742027,0.02732148952782154,0.9942813515663147,2623.0,2623.0,50.0,0.6491684317588806,35.54746627807617,5.844221115112305,0.46446692943573,0.4211706221103668,0.3886158764362335,0.815789520740509,874.0,874.0,50.0,8.16036605834961,24.301591873168945,2.757856607437134,0.41404590010643005,2.201179265975952,2.0321292877197266,0.2678571939468384,56.0,56.0,37.0,24.63968276977539,22.142240524291992,2.6533102989196777,0.42807477712631226,0.13150140643119812,0.13150139153003693,0.9468750357627869,8426.216796875,0.42131083984375,2.580310106277466,32.93911361694336,5.107365608215332,0.45758286118507385
2,1149,0.10624078661203384,0.09465175122022629,0.9525535702705383,2761.0,2761.0,50.0,2.320142984390259,33.331695556640625,5.146539211273193,0.4653286933898926,0.022410131990909576,0.020123803988099098,0.9965959787368774,2644.0,2644.0,50.0,0.6407192349433899,35.6517448425293,5.814438819885254,0.4660625457763672,0.3826582133769989,0.33915606141090393,0.8429487347602844,936.0,936.0,50.0,7.6137566566467285,24.55219078063965,2.791138172149658,0.41238611936569214,1.5869200229644775,1.7059921026229858,0.3050847351551056,59.0,59.0,35.0,22.280517578125,20.07423210144043,2.1785662174224854,0.42681199312210083,0.12568429112434387,0.12568430602550507,0.9487500786781311,8426.1318359375,0.421306591796875,2.584531784057617,32.883949279785156,5.050626754760742,0.45753395557403564
2,1199,0.10314072668552399,0.0908365547657013,0.9567946195602417,2870.0,2870.0,50.0,2.187493324279785,33.54693603515625,5.212758541107178,0.4650209844112396,0.02312052994966507,0.02112763002514839,0.9958031177520752,2621.0,2621.0,50.0,0.650920569896698,35.46674346923828,5.768675327301025,0.46438896656036377,0.34105703234672546,0.3511303961277008,0.8459742665290833,857.0,857.0,50.0,7.1092143058776855,24.952791213989258,2.8431622982025146,0.41324353218078613,1.444297432899475,1.423069953918457,0.307692289352417,52.0,52.0,32.0,21.290225982666016,19.49449348449707,2.1101884841918945,0.4246368706226349,0.11312534660100937,0.11312533169984818,0.9526563286781311,8426.0517578125,0.421302587890625,2.3724775314331055,33.068172454833984,5.097911834716797,0.457500696182251
2,1249,0.09494408220052719,0.09265294671058655,0.9642981886863708,2857.0,2857.0,50.0,2.0952112674713135,33.4504508972168,5.282008171081543,0.4638453722000122,0.021136466413736343,0.01996968686580658,0.9954251050949097,2623.0,2623.0,50.0,0.6088569164276123,35.66431427001953,5.966490268707275,0.4658430814743042,0.37194135785102844,0.38454553484916687,0.8442152142524719,873.0,873.0,50.0,7.619747638702393,24.484987258911133,2.7199931144714355,0.4139454662799835,1.4567205905914307,1.6776633262634277,0.3404255509376526,47.0,47.0,27.0,20.45985221862793,17.028512954711914,2.118591547012329,0.4145640432834625,0.11247918754816055,0.11247919499874115,0.9560937285423279,8425.9697265625,0.421298486328125,2.3744847774505615,33.014244079589844,5.18983268737793,0.4574955701828003
2,1271,0.09388517588376999,0.09566933661699295,0.9642857313156128,1204.0,1204.0,22.0,2.0835845470428467,33.563358306884766,5.320201396942139,0.4653945565223694,0.020205330103635788,0.020234476774930954,0.9964850544929504,1138.0,1138.0,22.0,0.5870321989059448,35.650054931640625,5.931176662445068,0.4652949273586273,0.406191885471344,0.39910560846328735,0.8210785388946533,408.0,408.0,22.0,7.608313083648682,25.330991744995117,2.843810796737671,0.41343945264816284,1.4706615209579468,1.631896734237671,0.25,20.0,20.0,13.0,21.377662658691406,15.34395980834961,2.0378642082214355,0.4211270809173584,0.11944163590669632,0.11955629289150238,0.9512635469436646,8425.93359375,0.4212966796875,2.421813488006592,33.07652282714844,5.182755470275879,0.45738139748573303
3,49,0.0997830182313919,0.0998961478471756,0.9575845003128052,2782.0,2782.0,50.0,2.1718316078186035,33.49543762207031,5.267176628112793,0.46526405215263367,0.023502478376030922,0.020254267379641533,0.9943311214447021,2646.0,2646.0,50.0,0.658748209476471,35.55659484863281,5.856142520904541,0.4655423164367676,0.3635435402393341,0.38241875171661377,0.8515284061431885,916.0,916.0,50.0,7.193787574768066,25.351913452148438,2.8837080001831055,0.41351208090782166,1.475203037261963,1.5704033374786377,0.39285722374916077,56.0,56.0,35.0,20.250152587890625,19.15743064880371,2.2077484130859375,0.4190300405025482,0.11803143471479416,0.11803142726421356,0.9526562690734863,8425.8515625,0.42129257812500004,2.4232187271118164,33.05659866333008,5.142773151397705,0.45756757259368896
3,99,0.10045402497053146,0.10561496019363403,0.9600996375083923,2807.0,2807.0,50.0,2.1893715858459473,33.50047302246094,5.288925647735596,0.4656933844089508,0.02478923089802265,0.02421634830534458,0.9943417906761169,2651.0,2651.0,50.0,0.6967450976371765,35.39747619628906,5.822615146636963,0.46378836035728455,0.3621997833251953,0.32689520716667175,0.8412696719169617,882.0,882.0,50.0,7.285401344299316,25.429492950439453,2.892775297164917,0.41371479630470276,1.4572365283966064,1.4590831995010376,0.4333333671092987,60.0,60.0,30.0,19.85379981994629,18.536663055419922,2.207746982574463,0.4245273768901825,0.1179039254784584,0.11790391802787781,0.9529687166213989,8425.7666015625,0.421288330078125,2.438998222351074,33.0336799621582,5.150884628295898,0.4573550820350647
3,149,0.09248336404561996,0.08667521923780441,0.96247398853302,2878.0,2878.0,50.0,2.059727430343628,33.50794982910156,5.302283763885498,0.4637799859046936,0.020688563585281372,0.02127416618168354,0.9965075254440308,2577.0,2577.0,50.0,0.59014892578125,35.702110290527344,5.957607269287109,0.4662500023841858,0.3513183295726776,0.35158973932266235,0.8513966798782349,895.0,895.0,50.0,7.1302690505981445,24.974769592285156,2.878164291381836,0.41274577379226685,1.583007574081421,1.9534595012664795,0.36000004410743713,50.0,50.0,28.0,21.579957962036133,17.878278732299805,2.160205841064453,0.4238399565219879,0.11141592264175415,0.11141590774059296,0.9559375643730164,8425.6884765625,0.42128442382812503,2.329577922821045,33.076026916503906,5.202608585357666,0.4573257267475128
3,199,0.09957551956176758,0.10140039026737213,0.9602460265159607,2767.0,2767.0,50.0,2.117267608642578,33.704917907714844,5.35380744934082,0.4661669433116913,0.018397971987724304,0.016333071514964104,0.9973633885383606,2655.0,2655.0,50.0,0.5474579930305481,35.63985824584961,5.959038734436035,0.4646671414375305,0.35660022497177124,0.38689157366752625,0.8470713496208191,922.0,922.0,50.0,7.234166622161865,24.723398208618164,2.8396732807159424,0.4121786952018738,1.6766371726989746,1.8204227685928345,0.3214286267757416,56.0,56.0,32.0,22.150541305541992,19.2850399017334,2.2881033420562744,0.4288598895072937,0.11672645062208176,0.11672643572092056,0.9537500143051147,8425.60546875,0.4212802734375,2.378486394882202,33.08753967285156,5.215866565704346,0.45744064450263977
3,249,0.10084760934114456,0.09388758987188339,0.9555555582046509,2835.0,2835.0,50.0,2.1713435649871826,33.576141357421875,5.2731733322143555,0.4648214280605316,0.028036732226610184,0.027797140181064606,0.9919354915618896,2604.0,2604.0,50.0,0.7456238865852356,35.47043991088867,5.973592758178711,0.46545615792274475,0.35270780324935913,0.3798314034938812,0.849284827709198,909.0,909.0,50.0,7.12562370300293,25.334308624267578,2.9041574001312256,0.41331416368484497,1.576432466506958,1.5847710371017456,0.3846154510974884,52.0,52.0,34.0,21.187002182006836,19.810943603515625,2.2606682777404785,0.42457106709480286,0.11898382008075714,0.11898382753133774,0.9506250023841858,8425.5224609375,0.421276123046875,2.449418783187866,33.06444549560547,5.197205543518066,0.45743700861930847
3,299,0.08749374747276306,0.06891503185033798,0.9640759825706482,2895.0,2895.0,50.0,1.9295084476470947,33.75541687011719,5.400247573852539,0.464419424533844,0.021576547995209694,0.018187658861279488,0.9941792488098145,2577.0,2577.0,50.0,0.6244080066680908,35.574119567871094,5.984402656555176,0.46523475646972656,0.3584532141685486,0.3943358063697815,0.8446489572525024,869.0,869.0,50.0,7.170541286468506,25.16834259033203,2.8833870887756348,0.414451539516449,1.1931873559951782,1.854368805885315,0.4576271176338196,59.0,59.0,35.0,18.4210205078125,15.533773422241211,1.9658416509628296,0.41046127676963806,0.10793612897396088,0.10793609917163849,0.9553124904632568,8425.44140625,0.4212720703125,2.267666816711426,33.153785705566406,5.262058258056641,0.45746558904647827
3,349,0.11138282716274261,0.13652630150318146,0.9549453854560852,2841.0,2841.0,50.0,2.2858004570007324,33.31629180908203,5.281183242797852,0.46369314193725586,0.021936122328042984,0.018836595118045807,0.9947090148925781,2646.0,2646.0,50.0,0.6315810680389404,35.555110931396484,5.953971862792969,0.4649871289730072,0.3568308353424072,0.3233979344367981,0.852631688117981,855.0,855.0,50.0,6.925759315490723,25.833614349365234,2.9391913414001465,0.4142860770225525,1.3926180601119995,1.6164944171905518,0.3448275923728943,58.0,58.0,34.0,20.597047805786133,15.198678970336914,2.0700795650482178,0.4213678538799286,0.1188037320971489,0.1188037246465683,0.9521874785423279,8425.359375,0.42126796875,2.3876991271972656,33.07807540893555,5.217363357543945,0.45724406838417053
3,399,0.09767239540815353,0.1008981242775917,0.9611857533454895,2834.0,2834.0,50.0,2.1430952548980713,33.45673751831055,5.378979682922363,0.4635857045650482,0.02095433697104454,0.019864879548549652,0.9962505102157593,2667.0,2667.0,50.0,0.6061211228370667,35.635135650634766,6.033738613128662,0.4651217758655548,0.38373231887817383,0.3896602690219879,0.8395784497261047,854.0,854.0,50.0,7.528360366821289,25.24384307861328,2.8124887943267822,0.4150887429714203,1.1610913276672363,1.3947535753250122,0.46666666865348816,45.0,45.0,28.0,18.25804328918457,18.2726993560791,2.0388972759246826,0.41606801748275757,0.11135084927082062,0.11135082691907883,0.9560937881469727,8425.2763671875,0.42126381835937504,2.3345139026641846,33.16184616088867,5.285879135131836,0.4574204087257385
3,449,0.09560903161764145,0.09208346903324127,0.9599718451499939,2848.0,2848.0,50.0,2.056560754776001,33.69007873535156,5.417967319488525,0.4638604521751404,0.021479735150933266,0.027898836880922318,0.9926156401634216,2573.0,2573.0,50.0,0.5822882056236267,35.82818603515625,6.158837795257568,0.46684810519218445,0.40738794207572937,0.3450314402580261,0.8360303044319153,927.0,927.0,50.0,7.752435684204102,24.680646896362305,2.805040121078491,0.41273972392082214,1.4058843851089478,1.507002353668213,0.46153849363327026,52.0,52.0,31.0,18.508893966674805,17.899883270263672,2.2414984703063965,0.4164935052394867,0.12161199748516083,0.12161195278167725,0.9510937929153442,8425.1923828125,0.42125961914062504,2.422544240951538,33.11640930175781,5.311545372009277,0.4572722017765045
3,499,0.10120997577905655,0.0969594195485115,0.9601007103919983,2782.0,2782.0,50.0,2.1247289180755615,33.60470962524414,5.407911777496338,0.46386513113975525,0.019425729289650917,0.022045858204364777,0.9962561130523682,2671.0,2671.0,50.0,0.5700169801712036,35.76661682128906,6.0485639572143555,0.46613267064094543,0.35433080792427063,0.35674989223480225,0.8629834055900574,905.0,905.0,50.0,7.254179000854492,24.678617477416992,2.8424484729766846,0.41222548484802246,1.2939708232879639,1.3174620866775513,0.3571428954601288,42.0,42.0,30.0,19.968698501586914,18.22629165649414,2.039438247680664,0.42333880066871643,0.11069820076227188,0.11069818586111069,0.9574999809265137,8425.109375,0.42125546875000003,2.31831693649292,33.14384078979492,5.290406227111816,0.45724332332611084
3,549,0.1012834683060646,0.10344599932432175,0.9559407234191895,2769.0,2769.0,50.0,2.1090054512023926,33.64714813232422,5.4287214279174805,0.4641084372997284,0.020465487614274025,0.020037490874528885,0.9966543316841125,2690.0,2690.0,50.0,0.5867661237716675,35.721519470214844,6.062407970428467,0.46613261103630066,0.3452874422073364,0.33512258529663086,0.8471122980117798,883.0,883.0,50.0,7.082345485687256,25.122365951538086,2.8224096298217773,0.41127634048461914,1.4994256496429443,1.445778489112854,0.29310354590415955,58.0,58.0,32.0,21.299665451049805,17.519237518310547,2.1200063228607178,0.4185548722743988,0.11365024745464325,0.11365024745464325,0.9520312547683716,8425.0263671875,0.421251318359375,2.329270124435425,33.196720123291016,5.305492877960205,0.4572572112083435
3,599,0.09745202213525772,0.10030242055654526,0.9589042067527771,2847.0,2847.0,50.0,2.1059579849243164,33.526676177978516,5.3629374504089355,0.4639339745044708,0.023072661831974983,0.023569192737340927,0.9938768148422241,2613.0,2613.0,50.0,0.6362937688827515,35.62508773803711,6.053184509277344,0.46597275137901306,0.3752315938472748,0.3593956232070923,0.8350167870521545,891.0,891.0,50.0,7.306191921234131,25.12822914123535,2.900693893432617,0.41088423132896423,1.4916163682937622,1.4008251428604126,0.3877551555633545,49.0,49.0,28.0,19.856103897094727,20.10464096069336,2.260725259780884,0.42593204975128174,0.11643052846193314,0.11643051356077194,0.9515625238418579,8424.9453125,0.42124726562500003,2.3657913208007812,33.11143493652344,5.278210639953613,0.457089900970459
3,649,0.10645800828933716,0.09973815828561783,0.9549965262413025,2822.0,2822.0,50.0,2.275555372238159,33.30651092529297,5.300028324127197,0.46361756324768066,0.022962510585784912,0.024849792942404747,0.992681086063385,2596.0,2596.0,50.0,0.6211166977882385,35.75706100463867,6.022792816162109,0.46678557991981506,0.40089961886405945,0.3341260552406311,0.8239740133285522,926.0,926.0,50.0,7.599006652832031,24.968320846557617,2.8681747913360596,0.41060870885849,1.6042131185531616,1.5159680843353271,0.3928571939468384,56.0,56.0,37.0,22.0533390045166,18.208511352539062,2.2462542057037354,0.43120110034942627,0.12829749286174774,0.12829752266407013,0.9464062452316284,8424.859375,0.42124296875,2.5477662086486816,32.96197509765625,5.214620590209961,0.45694923400878906
3,699,0.1058669164776802,0.10882272571325302,0.952690601348877,2769.0,2769.0,50.0,2.2328433990478516,33.32366943359375,5.344764709472656,0.4621216952800751,0.01802799478173256,0.018073253333568573,0.9966592788696289,2694.0,2694.0,50.0,0.5414419770240784,35.88333511352539,6.083366870880127,0.46728214621543884,0.3364376425743103,0.35019218921661377,0.8600450754165649,886.0,886.0,50.0,6.926994800567627,24.944854736328125,2.8536899089813232,0.4106140732765198,1.8453373908996582,1.7978839874267578,0.37254902720451355,51.0,51.0,32.0,22.085697174072266,20.89398956298828,2.512129783630371,0.4283847212791443,0.11467324197292328,0.11467325687408447,0.9537500143051147,8424.779296875,0.42123896484375,2.328917980194092,33.14213562011719,5.288239479064941,0.45689451694488525
3,749,0.09089310467243195,0.11086735874414444,0.964005708694458,2806.0,2806.0,50.0,2.0415470600128174,33.48305892944336,5.391623497009277,0.4638388454914093,0.026352347806096077,0.03340413421392441,0.991538405418396,2600.0,2600.0,50.0,0.7184081673622131,35.572288513183594,6.026022434234619,0.46649712324142456,0.3759469985961914,0.3651009798049927,0.8498402833938599,939.0,939.0,50.0,7.318711280822754,24.817026138305664,2.8292171955108643,0.4118788540363312,1.7499451637268066,1.7130224704742432,0.27272722125053406,55.0,55.0,35.0,23.414682388305664,19.9483642578125,2.271841287612915,0.4249178171157837,0.12075366824865341,0.12075366079807281,0.9524999856948853,8424.6943359375,0.421234716796875,2.461956262588501,32.944026947021484,5.246584415435791,0.4569607973098755
3,799,0.10032325237989426,0.08639828860759735,0.9601159691810608,2758.0,2758.0,50.0,2.104390859603882,33.521690368652344,5.334901809692383,0.4636934995651245,0.0231051966547966,0.022941580042243004,0.9944112300872803,2684.0,2684.0,50.0,0.6589611768722534,35.5887451171875,5.97253942489624,0.4660753309726715,0.3458774983882904,0.316506564617157,0.8536853790283203,909.0,909.0,50.0,6.967530250549316,25.083118438720703,2.828695297241211,0.41045141220092773,1.493308186531067,1.2134243249893188,0.3877551257610321,49.0,49.0,30.0,20.318225860595703,20.05027198791504,2.2540342807769775,0.42742928862571716,0.11348135024309158,0.11348135769367218,0.9549999237060547,8424.6123046875,0.421230615234375,2.328381061553955,33.08687973022461,5.222764015197754,0.4568527042865753
3,849,0.09629861265420914,0.09690351039171219,0.960372269153595,2902.0,2902.0,50.0,2.0972390174865723,33.43132781982422,5.335642337799072,0.46242555975914,0.02249441109597683,0.023168468847870827,0.9956745505332947,2543.0,2543.0,50.0,0.6026039719581604,35.798954010009766,6.072636604309082,0.46661388874053955,0.3322758078575134,0.33018457889556885,0.8633818030357361,893.0,893.0,50.0,6.899105548858643,25.069473266601562,2.8698413372039795,0.4129544198513031,1.5968798398971558,1.4010045528411865,0.29032260179519653,62.0,62.0,35.0,22.06139373779297,18.963565826416016,2.2231521606445312,0.427602082490921,0.11443603038787842,0.11443605273962021,0.9543750882148743,8424.53125,0.4212265625,2.3667683601379395,33.06519317626953,5.254274368286133,0.4568496346473694
3,899,0.1067584678530693,0.10858121514320374,0.956102728843689,2802.0,2802.0,50.0,2.1732289791107178,33.54513931274414,5.394927501678467,0.4630984961986542,0.020214593037962914,0.0208477433770895,0.996618926525116,2662.0,2662.0,50.0,0.5954604148864746,35.69261169433594,6.01247501373291,0.4662347733974457,0.3264990746974945,0.3140091300010681,0.8757192492485046,869.0,869.0,50.0,6.515059471130371,25.548965454101562,2.9502527713775635,0.4105663299560547,1.2400219440460205,1.3881700038909912,0.3731343746185303,67.0,67.0,37.0,20.284801483154297,15.371994018554688,1.9046260118484497,0.42168986797332764,0.11246215552091599,0.1124621331691742,0.955937385559082,8424.4482421875,0.421222412109375,2.2961204051971436,33.16237258911133,5.283308982849121,0.45683661103248596
3,949,0.08619839698076248,0.10275309532880783,0.9679259061813354,2806.0,2806.0,50.0,1.9243239164352417,33.504600524902344,5.425588607788086,0.46300938725471497,0.021464262157678604,0.022913409397006035,0.9961875677108765,2623.0,2623.0,50.0,0.6000234484672546,35.74565887451172,6.083698272705078,0.46692994236946106,0.35764166712760925,0.3278459310531616,0.8451473712921143,917.0,917.0,50.0,6.980686187744141,25.611841201782227,2.9332664012908936,0.41130051016807556,1.571075201034546,1.6572291851043701,0.31481480598449707,54.0,54.0,34.0,21.51166534423828,20.695804595947266,2.317702054977417,0.4249022603034973,0.11108890175819397,0.11108890175819397,0.9564062356948853,8424.365234375,0.42121826171875004,2.271317720413208,33.18412399291992,5.311985015869141,0.45688575506210327
3,999,0.10530276596546173,0.10848619043827057,0.9557234644889832,2778.0,2778.0,50.0,2.210991382598877,33.33174133300781,5.3166937828063965,0.46228328347206116,0.022326648235321045,0.023577969521284103,0.9954819083213806,2656.0,2656.0,50.0,0.6354280114173889,35.73902130126953,6.0552263259887695,0.4673882722854614,0.35585859417915344,0.28966787457466125,0.8435449004173279,914.0,914.0,50.0,7.09266996383667,25.129165649414062,2.9088082313537598,0.41191989183425903,1.336740255355835,1.2733958959579468,0.36538466811180115,52.0,52.0,34.0,19.680002212524414,17.232770919799805,2.043060541152954,0.41551631689071655,0.1166556179523468,0.1166556105017662,0.9514062404632568,8424.2841796875,0.421214208984375,2.396233081817627,33.028526306152344,5.252710342407227,0.45682936906814575
3,1049,0.0979875698685646,0.11479931324720383,0.9581280946731567,2842.0,2842.0,50.0,2.0599205493927,33.570457458496094,5.409053802490234,0.46290770173072815,0.02186420187354088,0.022095393389463425,0.9949593544006348,2579.0,2579.0,50.0,0.5955106616020203,35.8566780090332,6.17277717590332,0.4673926830291748,0.36492711305618286,0.289794385433197,0.844734251499176,921.0,921.0,50.0,7.075859069824219,25.371896743774414,2.9499969482421875,0.4111992418766022,1.4399183988571167,1.5070022344589233,0.3965516984462738,58.0,58.0,35.0,20.1121768951416,18.37557601928711,2.157102584838867,0.42495569586753845,0.11788773536682129,0.11788775026798248,0.9515625238418579,8424.201171875,0.42121005859375005,2.3552327156066895,33.1742057800293,5.333465576171875,0.45692992210388184
3,1099,0.10444556176662445,0.0944783166050911,0.95209801197052,2860.0,2860.0,50.0,2.2546048164367676,33.19097900390625,5.374485969543457,0.4619995653629303,0.021280711516737938,0.022268282249569893,0.9935165643692017,2622.0,2622.0,50.0,0.5731731653213501,35.922645568847656,6.191479682922363,0.46710383892059326,0.34430140256881714,0.34420862793922424,0.8662790656089783,860.0,860.0,50.0,6.764210224151611,25.375776290893555,2.974635362625122,0.41028252243995667,1.4107954502105713,1.1914995908737183,0.3103448450565338,58.0,58.0,37.0,20.836688995361328,18.700212478637695,2.0952045917510986,0.42514947056770325,0.11444339901208878,0.11444339156150818,0.9517188668251038,8424.1162109375,0.421205810546875,2.3401217460632324,33.12861633300781,5.356999397277832,0.45680728554725647
3,1149,0.09847843647003174,0.10617712885141373,0.9606661200523376,2822.0,2822.0,50.0,2.0170183181762695,33.750160217285156,5.529378414154053,0.4634302258491516,0.0209677591919899,0.020114127546548843,0.9942747950553894,2620.0,2620.0,50.0,0.5835787057876587,35.77579116821289,6.159348011016846,0.46626541018486023,0.341313898563385,0.2692616581916809,0.8637361526489258,910.0,910.0,50.0,6.900580406188965,24.973966598510742,2.814263105392456,0.4106028378009796,1.5573583841323853,1.7930752038955688,0.2916666567325592,48.0,48.0,31.0,22.55320930480957,19.991092681884766,2.135561943054199,0.4306894838809967,0.1122172474861145,0.11221726983785629,0.9556249380111694,8424.03515625,0.4212017578125,2.27860689163208,33.22834396362305,5.375763416290283,0.45683395862579346
3,1199,0.09621217846870422,0.10222861915826797,0.9586546421051025,2854.0,2854.0,50.0,2.082634925842285,33.379295349121094,5.461024761199951,0.4614258408546448,0.01655447669327259,0.012483656406402588,0.9965143203735352,2582.0,2582.0,50.0,0.4886772930622101,36.02733612060547,6.281926155090332,0.46781691908836365,0.3626045286655426,0.3528093099594116,0.8541669249534607,912.0,912.0,50.0,7.022919178009033,25.518428802490234,2.908926248550415,0.4125509262084961,1.8761595487594604,1.534252405166626,0.2692307233810425,52.0,52.0,32.0,22.301620483398438,19.800369262695312,2.4608373641967773,0.42164960503578186,0.11649823933839798,0.11649825423955917,0.9534375667572021,8423.9521484375,0.421197607421875,2.307842493057251,33.21711349487305,5.404156684875488,0.456716388463974
3,1249,0.10200616717338562,0.09494838863611221,0.9558130502700806,2761.0,2761.0,50.0,2.122013568878174,33.58122634887695,5.4949421882629395,0.4624570906162262,0.020290791988372803,0.02185271494090557,0.9947468638420105,2665.0,2665.0,50.0,0.5727595090866089,35.8068962097168,6.187679290771484,0.466752290725708,0.3478264808654785,0.35956358909606934,0.8625955581665039,917.0,917.0,50.0,6.993187427520752,25.291641235351562,2.8803107738494873,0.41165226697921753,1.4758610725402832,1.6475415229797363,0.2982456386089325,57.0,57.0,39.0,21.60589027404785,17.928346633911133,2.08851957321167,0.4256678819656372,0.11543672531843185,0.11543671041727066,0.9528125524520874,8423.8671875,0.421193359375,2.3483705520629883,33.18085861206055,5.378436088562012,0.4566386044025421
3,1271,0.11070934683084488,0.10398852825164795,0.9578313231468201,1162.0,1162.0,22.0,2.2221286296844482,33.439903259277344,5.356454372406006,0.4624185860157013,0.019719814881682396,0.022838346660137177,0.9957555532455444,1178.0,1178.0,22.0,0.5584513545036316,35.80931854248047,6.157711029052734,0.4668416976928711,0.31057071685791016,0.28927651047706604,0.877193033695221,399.0,399.0,22.0,6.660327911376953,24.580562591552734,2.8436245918273926,0.41171422600746155,1.515552282333374,1.5896307229995728,0.3225806951522827,31.0,31.0,14.0,21.666582107543945,18.363365173339844,2.068843126296997,0.4175708293914795,0.11614278703927994,0.11652492731809616,0.9552347660064697,8423.8291015625,0.421191455078125,2.3715176582336426,33.00269317626953,5.29845666885376,0.4564940929412842
4,49,0.10481753200292587,0.10230188071727753,0.9565523266792297,2831.0,2831.0,50.0,2.1505019664764404,33.47565460205078,5.4665985107421875,0.463005006313324,0.02036578394472599,0.016884032636880875,0.9946419596672058,2613.0,2613.0,50.0,0.567513644695282,35.8218879699707,6.174256324768066,0.4663267135620117,0.3277395963668823,0.3743245601654053,0.8663697242736816,898.0,898.0,50.0,6.702872276306152,25.26199722290039,2.8620738983154297,0.41044193506240845,1.1484408378601074,1.3067450523376465,0.46551722288131714,58.0,58.0,37.0,18.9105224609375,14.43397045135498,1.8725001811981201,0.42138591408729553,0.1110740527510643,0.1110740527510643,0.9549998641014099,8423.7490234375,0.421187451171875,2.29483962059021,33.1085319519043,5.3575029373168945,0.45660877227783203
4,99,0.0908239334821701,0.10619181394577026,0.9599569439888,2797.0,2797.0,50.0,1.954627513885498,33.66114807128906,5.5046162605285645,0.46251118183135986,0.021672984585165977,0.019878419116139412,0.9947288632392883,2656.0,2656.0,50.0,0.6146041750907898,35.736385345458984,6.164037227630615,0.46643686294555664,0.3342629373073578,0.3201958239078522,0.8569830656051636,895.0,895.0,50.0,6.7119927406311035,25.832290649414062,2.959303140640259,0.41094502806663513,1.4519115686416626,1.9073821306228638,0.3461539149284363,52.0,52.0,31.0,20.339506149291992,19.401138305664062,2.1660375595092773,0.4177331328392029,0.10722854733467102,0.10722854733467102,0.9549998641014099,8423.6650390625,0.421183251953125,2.2131826877593994,33.31169128417969,5.395203590393066,0.45656532049179077
4,149,0.10131419450044632,0.10138388723134995,0.9552671313285828,2772.0,2772.0,50.0,2.131859302520752,33.53854751586914,5.456070899963379,0.46330031752586365,0.020750127732753754,0.017526749521493912,0.9950663447380066,2635.0,2635.0,50.0,0.5869219899177551,35.801273345947266,6.201608180999756,0.46683478355407715,0.34204745292663574,0.31167441606521606,0.8389831185340881,944.0,944.0,50.0,6.962793827056885,24.93533706665039,2.932241916656494,0.4089144170284271,1.37875235080719,1.2779103517532349,0.346938818693161,49.0,49.0,30.0,21.155786514282227,17.10614776611328,2.0140199661254883,0.4313026964664459,0.11343300342559814,0.11343299597501755,0.9498437643051147,8423.5849609375,0.421179248046875,2.353994369506836,33.07537078857422,5.364404678344727,0.45648860931396484
4,199,0.10424824804067612,0.09976677596569061,0.9559084177017212,2835.0,2835.0,50.0,2.1740689277648926,33.34422302246094,5.438418388366699,0.4612196683883667,0.02387496642768383,0.02317177504301071,0.9931686520576477,2635.0,2635.0,50.0,0.6254079937934875,35.83957290649414,6.252541542053223,0.46759462356567383,0.3644212484359741,0.4343043863773346,0.8462415337562561,878.0,878.0,50.0,7.308362007141113,24.774106979370117,2.836132526397705,0.4098013937473297,1.5045086145401,1.4170136451721191,0.4038461446762085,52.0,52.0,37.0,20.345138549804688,21.261377334594727,2.316835403442383,0.4300728738307953,0.11822666972875595,0.11822666227817535,0.9517187476158142,8423.5009765625,0.421175048828125,2.3884570598602295,33.09771728515625,5.391244411468506,0.4565373361110687
4,249,0.09492506086826324,0.10129596292972565,0.9608551859855652,2759.0,2759.0,50.0,2.0397684574127197,33.48008346557617,5.43894100189209,0.46190834045410156,0.020969921723008156,0.02533755451440811,0.9951053857803345,2656.0,2656.0,50.0,0.5807669162750244,35.90191650390625,6.232325553894043,0.4681396484375,0.2945304214954376,0.22785793244838715,0.8707557916641235,913.0,913.0,50.0,6.1873779296875,25.692108154296875,2.945396661758423,0.40817657113075256,1.375771403312683,1.2159332036972046,0.3333333432674408,72.0,72.0,38.0,20.33089828491211,17.537248611450195,2.0686347484588623,0.4173305928707123,0.1071181669831276,0.107118159532547,0.955156147480011,8423.4189453125,0.42117094726562504,2.2317404747009277,33.19478225708008,5.37455940246582,0.4563276767730713
4,299,0.09543722867965698,0.09367602318525314,0.9595744609832764,2820.0,2820.0,50.0,1.9883625507354736,33.63115692138672,5.525598049163818,0.46222031116485596,0.022041697055101395,0.023349300026893616,0.9938414096832275,2598.0,2598.0,50.0,0.6223213076591492,35.806190490722656,6.230242729187012,0.4675898253917694,0.33658039569854736,0.30874696373939514,0.8618487119674683,941.0,941.0,50.0,6.599255084991455,25.674415588378906,2.9846737384796143,0.40909793972969055,1.691622018814087,1.6096031665802002,0.31707313656806946,41.0,41.0,32.0,21.41325569152832,20.971813201904297,2.4328341484069824,0.4272116720676422,0.11132439970970154,0.11132436990737915,0.9549999237060547,8423.3349609375,0.42116674804687504,2.2362213134765625,33.26309585571289,5.418231964111328,0.45636504888534546
4,349,0.09748514741659164,0.10598954558372498,0.9569816589355469,2836.0,2836.0,50.0,2.0972654819488525,33.42939376831055,5.477022171020508,0.4624294340610504,0.017047235742211342,0.020903276279568672,0.9969348311424255,2610.0,2610.0,50.0,0.4993055462837219,35.9217529296875,6.260488510131836,0.46700602769851685,0.29860690236091614,0.29884466528892517,0.8853005766868591,898.0,898.0,50.0,6.272182464599609,25.302804946899414,2.9401464462280273,0.40880993008613586,2.022282123565674,1.9126564264297485,0.3392857015132904,56.0,56.0,36.0,23.81064224243164,22.21381378173828,2.562199115753174,0.4273771047592163,0.10974345356225967,0.10974343121051788,0.957812488079071,8423.2529296875,0.421162646484375,2.2213823795318604,33.20741271972656,5.415069580078125,0.45646563172340393
4,399,0.10285722464323044,0.12074532359838486,0.9533212780952454,2785.0,2785.0,50.0,2.1613218784332275,33.570404052734375,5.5178751945495605,0.46280238032341003,0.020237436518073082,0.022785427048802376,0.9962434768676758,2662.0,2662.0,50.0,0.573040246963501,35.80455017089844,6.278634548187256,0.46617037057876587,0.37054380774497986,0.3101644515991211,0.853391706943512,914.0,914.0,50.0,7.1602606773376465,25.23732566833496,2.914381504058838,0.40942806005477905,1.469712734222412,1.5719897747039795,0.4102563261985779,39.0,39.0,24.0,19.547935485839844,20.10790252685547,2.2917797565460205,0.43041473627090454,0.11505082249641418,0.11505082249641418,0.9535937309265137,8423.171875,0.42115859375000003,2.320556640625,33.22756576538086,5.442832946777344,0.4563834071159363
4,449,0.09771475195884705,0.1134406179189682,0.9596099853515625,2872.0,2872.0,50.0,2.0760574340820312,33.33612823486328,5.483327865600586,0.4608910083770752,0.01825675554573536,0.018789352849125862,0.9957901239395142,2613.0,2613.0,50.0,0.5292407274246216,35.94132614135742,6.266824722290039,0.4674329459667206,0.3908314108848572,0.30481672286987305,0.8275463581085205,864.0,864.0,50.0,7.254354953765869,25.364364624023438,2.9553096294403076,0.4100063145160675,1.3838679790496826,1.254520297050476,0.4117646813392639,51.0,51.0,32.0,19.107463836669922,20.19109344482422,2.2217257022857666,0.4159742295742035,0.11509332805871964,0.11509332805871964,0.9521874189376831,8423.0859375,0.421154296875,2.2793102264404297,33.218841552734375,5.435941696166992,0.45633459091186523
4,499,0.09742191433906555,0.10233491659164429,0.9600000381469727,2825.0,2825.0,50.0,2.013906478881836,33.4709358215332,5.555264472961426,0.4616791605949402,0.01951693184673786,0.0219943318516016,0.9950793981552124,2642.0,2642.0,50.0,0.5557603240013123,35.83773422241211,6.247857093811035,0.46679481863975525,0.32744988799095154,0.29330629110336304,0.8619104027748108,869.0,869.0,50.0,6.955094814300537,24.386064529418945,2.807797431945801,0.4101279377937317,1.6494165658950806,1.64802885055542,0.3125,64.0,64.0,37.0,21.744922637939453,19.703310012817383,2.318370819091797,0.4195170998573303,0.11201520264148712,0.11201520264148712,0.9546874761581421,8423.0048828125,0.421150244140625,2.280196189880371,33.07674789428711,5.435751914978027,0.45636966824531555
4,549,0.09116435050964355,0.09472891688346863,0.959802508354187,2836.0,2836.0,50.0,1.9978532791137695,33.51009750366211,5.541855335235596,0.46207594871520996,0.021099736914038658,0.016104325652122498,0.9950571656227112,2630.0,2630.0,50.0,0.576869785785675,35.82793426513672,6.266385555267334,0.4661611020565033,0.3652294874191284,0.3495156168937683,0.8592507839202881,881.0,881.0,50.0,6.789707183837891,25.721223831176758,2.9223151206970215,0.40998610854148865,1.2362140417099,0.9874768853187561,0.415094256401062,53.0,53.0,37.0,18.745344161987305,17.539661407470703,2.0881595611572266,0.4272329807281494,0.10958141833543777,0.10958139598369598,0.9559375047683716,8422.921875,0.42114609375,2.2122366428375244,33.258140563964844,5.450395107269287,0.4562956690788269
4,599,0.09408079087734222,0.09117039293050766,0.9587922692298889,2815.0,2815.0,50.0,2.0240914821624756,33.43980026245117,5.530789852142334,0.4612691402435303,0.021665502339601517,0.021005993708968163,0.9943222999572754,2642.0,2642.0,50.0,0.5935675501823425,35.78153991699219,6.264666557312012,0.46683329343795776,0.3602810204029083,0.3303605318069458,0.8502251505851746,888.0,888.0,50.0,7.010708808898926,25.524646759033203,2.887176990509033,0.4110648036003113,1.3818461894989014,1.242414116859436,0.40000006556510925,55.0,55.0,32.0,20.32573699951172,18.490644454956055,2.119748592376709,0.41888320446014404,0.11218889057636261,0.11218886822462082,0.9535936713218689,8422.8388671875,0.421141943359375,2.282726287841797,33.17980194091797,5.437628746032715,0.45623597502708435
4,649,0.0939757451415062,0.09573639929294586,0.9615798592567444,2785.0,2785.0,50.0,2.000858783721924,33.57039260864258,5.587414741516113,0.462184876203537,0.021607937291264534,0.024384766817092896,0.9940254092216492,2678.0,2678.0,50.0,0.5932053923606873,35.785919189453125,6.2823286056518555,0.4657014310359955,0.34625115990638733,0.3578437566757202,0.8684809803962708,882.0,882.0,50.0,6.963314533233643,25.144838333129883,2.8808205127716064,0.4103619158267975,1.458534836769104,1.393533706665039,0.41818177700042725,55.0,55.0,31.0,20.350460052490234,18.000558853149414,2.162787914276123,0.4207724332809448,0.11018770188093185,0.11018772423267365,0.9576562643051147,8422.755859375,0.42113779296875004,2.2534241676330566,33.2025032043457,5.475759983062744,0.4561586081981659
4,699,0.09938506036996841,0.0923522412776947,0.9594403505325317,2860.0,2860.0,50.0,2.0781309604644775,33.422828674316406,5.526318550109863,0.46157002449035645,0.01989115960896015,0.017537737265229225,0.9957232475280762,2572.0,2572.0,50.0,0.5581212043762207,35.93834686279297,6.319165229797363,0.467526376247406,0.3611237704753876,0.3388451039791107,0.833151638507843,917.0,917.0,50.0,7.291396141052246,24.980592727661133,2.860884189605713,0.4109598696231842,1.5025330781936646,1.0972399711608887,0.35294121503829956,51.0,51.0,28.0,20.779558181762695,17.361602783203125,2.12624454498291,0.41198405623435974,0.11612200736999512,0.1161220371723175,0.9510936737060547,8422.6708984375,0.42113354492187505,2.363267183303833,33.09614944458008,5.435942649841309,0.45631709694862366
4,749,0.09412704408168793,0.09918925166130066,0.9575539827346802,2780.0,2780.0,50.0,2.069037914276123,33.327213287353516,5.513322353363037,0.4614258408546448,0.02043730393052101,0.020430773496627808,0.9958206415176392,2632.0,2632.0,50.0,0.5666272044181824,35.96687698364258,6.31873083114624,0.4684440791606903,0.3266400694847107,0.27669912576675415,0.8614394068717957,931.0,931.0,50.0,6.747420310974121,24.935039520263672,2.8860697746276855,0.40713557600975037,1.7038835287094116,1.5576224327087402,0.2631578743457794,57.0,57.0,36.0,22.368425369262695,21.336116790771484,2.3528332710266113,0.4218985140323639,0.11198242753744125,0.11198241263628006,0.953125,8422.5908203125,0.421129541015625,2.312521457672119,33.08517837524414,5.434215068817139,0.4560624957084656
4,799,0.0973556861281395,0.10563445836305618,0.9568094611167908,2871.0,2871.0,50.0,2.0541820526123047,33.47159194946289,5.493709087371826,0.46136561036109924,0.021212972700595856,0.01664041541516781,0.9949612021446228,2580.0,2580.0,50.0,0.5934863090515137,35.93505859375,6.292444705963135,0.46814239025115967,0.310871958732605,0.3039274513721466,0.8713646531105042,894.0,894.0,50.0,6.244576930999756,25.679489135742188,2.933500051498413,0.40687406063079834,1.4172464609146118,1.322920799255371,0.34545454382896423,55.0,55.0,36.0,20.08072280883789,18.235916137695312,2.1557977199554443,0.4200412929058075,0.10782904177904129,0.1078290194272995,0.9549999237060547,8422.5078125,0.42112539062500004,2.2056002616882324,33.24528503417969,5.429384708404541,0.4561305642127991
4,849,0.09169480949640274,0.08314310759305954,0.962627112865448,2756.0,2756.0,50.0,1.9368411302566528,33.55442810058594,5.572515964508057,0.4611721932888031,0.016383850947022438,0.014510173350572586,0.9966592788696289,2694.0,2694.0,50.0,0.48214301466941833,36.00031661987305,6.405297756195068,0.46778860688209534,0.3200185000896454,0.3228698968887329,0.8688889145851135,900.0,900.0,50.0,6.451078414916992,25.13065528869629,2.913465738296509,0.4076616168022156,1.699439525604248,1.5573304891586304,0.3200001120567322,50.0,50.0,35.0,21.908615112304688,17.401071548461914,2.2670059204101562,0.41619229316711426,0.10466210544109344,0.10466212034225464,0.9587500691413879,8422.4267578125,0.421121337890625,2.1153483390808105,33.2732048034668,5.523311614990234,0.45608097314834595
4,899,0.09715864062309265,0.09658372402191162,0.9588462710380554,2843.0,2843.0,50.0,2.0907769203186035,33.292869567871094,5.501307964324951,0.4604131877422333,0.016566725447773933,0.018589841201901436,0.9969231486320496,2600.0,2600.0,50.0,0.47607678174972534,36.06208419799805,6.400384426116943,0.4678724408149719,0.3788268268108368,0.32476603984832764,0.8421632051467896,906.0,906.0,50.0,7.157486915588379,25.44626808166504,2.957118272781372,0.4102567732334137,1.3146026134490967,1.5736351013183594,0.39215680956840515,51.0,51.0,33.0,20.030675888061523,18.327228546142578,2.0459187030792236,0.4229685366153717,0.1139933243393898,0.1139933317899704,0.9532812833786011,8422.34375,0.42111718750000005,2.2950196266174316,33.18782043457031,5.478860855102539,0.45604485273361206
4,949,0.1092672199010849,0.12986469268798828,0.9517858028411865,2800.0,2800.0,50.0,2.2046620845794678,33.253318786621094,5.472199440002441,0.4600110948085785,0.022959284484386444,0.023999137803912163,0.9928085207939148,2642.0,2642.0,50.0,0.6039367318153381,35.96154022216797,6.330305099487305,0.46855393052101135,0.32430893182754517,0.3314330279827118,0.8641424179077148,898.0,898.0,50.0,6.362249374389648,26.084951400756836,3.0712392330169678,0.4083102345466614,1.334900975227356,1.4195555448532104,0.3666667640209198,60.0,60.0,35.0,19.229169845581055,16.595741271972656,2.1123409271240234,0.4198344349861145,0.11530159413814545,0.11530157923698425,0.9509375095367432,8422.2587890625,0.421112939453125,2.2868287563323975,33.209327697753906,5.458052635192871,0.4559067487716675
4,999,0.09415212273597717,0.08509539812803268,0.9592421054840088,2797.0,2797.0,50.0,2.007235527038574,33.54341125488281,5.529542922973633,0.4614183008670807,0.01783892698585987,0.018678007647395134,0.9973703026771545,2662.0,2662.0,50.0,0.5199449062347412,35.82207489013672,6.357858180999756,0.4667894244194031,0.33378222584724426,0.28243181109428406,0.8637911081314087,881.0,881.0,50.0,6.771191596984863,25.140823364257812,2.9353220462799072,0.409016877412796,1.611311674118042,1.4566537141799927,0.36666667461395264,60.0,60.0,34.0,20.731733322143555,17.06147575378418,2.245293140411377,0.4171985983848572,0.10962056368589401,0.10962056368589401,0.9564062356948853,8422.17578125,0.42110878906250004,2.2199461460113525,33.18000793457031,5.486169815063477,0.4560244083404541
4,1049,0.10597717016935349,0.10897401720285416,0.9522799849510193,2829.0,2829.0,50.0,2.1700940132141113,33.467647552490234,5.596591472625732,0.4610750675201416,0.018444223329424858,0.02147643081843853,0.9953809976577759,2598.0,2598.0,50.0,0.5360817909240723,35.936275482177734,6.36816930770874,0.4677402675151825,0.37244391441345215,0.36401399970054626,0.8436123728752136,908.0,908.0,50.0,7.27400016784668,25.04339599609375,2.9179720878601074,0.40908384323120117,1.3536852598190308,1.1724268198013306,0.3692307472229004,65.0,65.0,38.0,19.99861717224121,18.086641311645508,2.0653374195098877,0.42246749997138977,0.12092126160860062,0.12092126905918121,0.948437511920929,8422.091796875,0.42110458984375004,2.4119749069213867,33.11835479736328,5.493910312652588,0.4560123682022095
4,1099,0.09845541417598724,0.08954887837171555,0.9588212370872498,2817.0,2817.0,50.0,2.109189510345459,33.360137939453125,5.541038990020752,0.4621763825416565,0.021408788859844208,0.026501256972551346,0.9935680627822876,2643.0,2643.0,50.0,0.5848667621612549,35.7918701171875,6.31553316116333,0.4663124680519104,0.343946248292923,0.33090731501579285,0.8561797142028809,890.0,890.0,50.0,6.8163838386535645,25.120878219604492,2.949392080307007,0.4076840281486511,1.402129054069519,1.18195641040802,0.36000001430511475,50.0,50.0,33.0,19.987873077392578,17.556928634643555,2.1345770359039307,0.42032966017723083,0.11096110194921494,0.11096107959747314,0.9542187452316284,8422.0087890625,0.42110043945312503,2.273963212966919,33.095130920410156,5.473866939544678,0.45597967505455017
4,1149,0.10038994252681732,0.1025688424706459,0.9572915434837341,2880.0,2880.0,50.0,2.1175270080566406,33.43525695800781,5.646198272705078,0.4615270495414734,0.017071185633540154,0.01407476607710123,0.9976806044578552,2587.0,2587.0,50.0,0.509584903717041,35.87714385986328,6.39424991607666,0.46687841415405273,0.3387278616428375,0.3570404648780823,0.8645234704017639,871.0,871.0,50.0,6.707658290863037,24.953187942504883,2.9108288288116455,0.4072079658508301,1.7658472061157227,2.007563829421997,0.3870967626571655,62.0,62.0,38.0,21.033870697021484,21.268281936645508,2.5033836364746094,0.42346498370170593,0.1152813658118248,0.1152813583612442,0.9554686546325684,8421.9248046875,0.42109624023437503,2.2755069732666016,33.150089263916016,5.545862197875977,0.4559289813041687
4,1199,0.08432397246360779,0.08672808110713959,0.9614841938018799,2830.0,2830.0,50.0,1.8720457553863525,33.52410888671875,5.616307258605957,0.4605867862701416,0.023303313180804253,0.025455741211771965,0.9915740489959717,2611.0,2611.0,50.0,0.6146947741508484,35.89030075073242,6.368493556976318,0.4675217568874359,0.3338058888912201,0.3555285930633545,0.8667402267456055,908.0,908.0,50.0,6.65272855758667,25.294931411743164,2.919485330581665,0.4090977609157562,1.6571290493011475,1.5736480951309204,0.3137255012989044,51.0,51.0,31.0,21.888338088989258,19.460607528686523,2.279550075531006,0.42754969000816345,0.10735797137022018,0.10735799372196198,0.9551563262939453,8421.83984375,0.42109199218750004,2.196850061416626,33.20985794067383,5.513974189758301,0.45584776997566223
4,1249,0.09248608350753784,0.08990566432476044,0.962142825126648,2800.0,2800.0,50.0,1.9215689897537231,33.66667175292969,5.621168613433838,0.46120622754096985,0.019262295216321945,0.018003538250923157,0.9969594478607178,2631.0,2631.0,50.0,0.566368043422699,35.802005767822266,6.333926200866699,0.46724629402160645,0.3133637607097626,0.242923304438591,0.8664493560791016,921.0,921.0,50.0,6.599646091461182,25.032188415527344,2.9130523204803467,0.4084828197956085,1.394331455230713,1.203805923461914,0.3333333730697632,48.0,48.0,30.0,21.330163955688477,16.56385040283203,2.0014467239379883,0.4281710386276245,0.10393378138542175,0.10393376648426056,0.9579687714576721,8421.759765625,0.42108798828125005,2.183223247528076,33.173667907714844,5.497315883636475,0.45585429668426514
4,1271,0.08919907361268997,0.09823565930128098,0.9649416208267212,1198.0,1198.0,22.0,1.9015450477600098,33.648887634277344,5.618211269378662,0.4620463252067566,0.018428489565849304,0.016317538917064667,0.9956597685813904,1152.0,1152.0,22.0,0.5280705690383911,35.872825622558594,6.360740661621094,0.4656814932823181,0.3152748942375183,0.29971447587013245,0.8589743971824646,390.0,390.0,22.0,6.295079708099365,26.27962303161621,3.0435726642608643,0.41093870997428894,1.2568626403808594,1.2692831754684448,0.4000000059604645,30.0,30.0,18.0,18.903547286987305,18.192935943603516,2.0571494102478027,0.41628631949424744,0.10428675264120102,0.10424303263425827,0.9566786885261536,8421.724609375,0.42108623046875004,2.1330597400665283,33.36884689331055,5.525956153869629,0.45586684346199036
5,49,0.09424985945224762,0.10060252249240875,0.9580543637275696,2837.0,2837.0,50.0,2.020819902420044,33.25172424316406,5.547821044921875,0.46022799611091614,0.025904512032866478,0.02767724171280861,0.9896867871284485,2618.0,2618.0,50.0,0.6638352870941162,35.84114074707031,6.359658718109131,0.467838853597641,0.3182574212551117,0.28417518734931946,0.8606194257736206,904.0,904.0,50.0,6.488185882568359,25.62944221496582,3.0190584659576416,0.40966087579727173,1.6903154850006104,1.401673436164856,0.3902438282966614,41.0,41.0,30.0,20.389415740966797,21.507827758789062,2.4622654914855957,0.4198547601699829,0.10815823078155518,0.10815820842981339,0.9535937905311584,8421.642578125,0.42108212890625,2.2144174575805664,33.15907669067383,5.50295877456665,0.4559400677680969
5,99,0.10217269510030746,0.11412684619426727,0.9556775093078613,2730.0,2730.0,50.0,2.0509285926818848,33.55344009399414,5.615424633026123,0.46054697036743164,0.018844060599803925,0.01585920713841915,0.9955323934555054,2686.0,2686.0,50.0,0.49214160442352295,36.119789123535156,6.428224563598633,0.46762025356292725,0.35307154059410095,0.28688228130340576,0.8560687303543091,931.0,931.0,50.0,6.829842567443848,25.336162567138672,2.945547103881836,0.4102803170681,1.3283665180206299,1.3119570016860962,0.4339621663093567,53.0,53.0,38.0,19.917112350463867,17.86683464050293,2.0605132579803467,0.42136162519454956,0.1138530746102333,0.11385306715965271,0.9535936117172241,8421.5576171875,0.42107788085937503,2.2398622035980225,33.30524444580078,5.538723945617676,0.4558788239955902
5,149,0.0989159345626831,0.09419595450162888,0.9562408924102783,2788.0,2788.0,50.0,2.061389684677124,33.46097946166992,5.580543041229248,0.46079158782958984,0.019566204398870468,0.02196928858757019,0.9962234497070312,2648.0,2648.0,50.0,0.5638165473937988,35.90144729614258,6.376153945922852,0.4677516222000122,0.32349568605422974,0.33228614926338196,0.8756816387176514,917.0,917.0,50.0,6.217395782470703,26.101726531982422,3.0829968452453613,0.4079487919807434,1.7524454593658447,1.7540075778961182,0.23404255509376526,47.0,47.0,30.0,23.804750442504883,22.397085189819336,2.3717803955078125,0.43979373574256897,0.11040618270635605,0.11040616035461426,0.955937385559082,8421.474609375,0.42107373046875,2.1969242095947266,33.33502960205078,5.528311252593994,0.4559457302093506
5,199,0.09907151758670807,0.09996934980154037,0.9603636264801025,2750.0,2750.0,50.0,2.0540425777435303,33.27830505371094,5.57683801651001,0.4591594338417053,0.01899584010243416,0.018432453274726868,0.9944464564323425,2701.0,2701.0,50.0,0.548941433429718,36.0692024230957,6.467776298522949,0.46959298849105835,0.33477914333343506,0.30320218205451965,0.8672665953636169,889.0,889.0,50.0,6.605838775634766,25.25935173034668,2.942464590072632,0.40659189224243164,1.1712366342544556,0.9447181820869446,0.5166666507720947,60.0,60.0,34.0,17.467700958251953,16.621286392211914,2.0298001766204834,0.4166772961616516,0.10806987434625626,0.10806989669799805,0.95765620470047,8421.3916015625,0.421069580078125,2.1956188678741455,33.18610763549805,5.553657531738281,0.45586246252059937
5,249,0.09234117716550827,0.09626048058271408,0.9584667086601257,2817.0,2817.0,50.0,1.9492985010147095,33.523746490478516,5.600255489349365,0.459660142660141,0.016939854249358177,0.01617421954870224,0.9958174228668213,2630.0,2630.0,50.0,0.4791630208492279,36.08333206176758,6.4784369468688965,0.4681483209133148,0.3268742859363556,0.30610620975494385,0.8611111640930176,900.0,900.0,50.0,6.769667148590088,25.207250595092773,2.941211223602295,0.4098036289215088,1.540421962738037,1.3828344345092773,0.3018868565559387,53.0,53.0,36.0,22.501012802124023,18.349435806274414,2.1147208213806152,0.43046456575393677,0.10632908344268799,0.10632908344268799,0.9546875953674316,8421.30859375,0.4210654296875,2.193222999572754,33.2804069519043,5.558340549468994,0.45589542388916016
5,299,0.10238482803106308,0.10776756703853607,0.9580097198486328,2834.0,2834.0,50.0,2.1018736362457275,33.219730377197266,5.553371429443359,0.4593464136123657,0.018269304186105728,0.016981421038508415,0.99656742811203,2622.0,2622.0,50.0,0.5140458941459656,36.023406982421875,6.462560653686523,0.46844178438186646,0.32109877467155457,0.3188672661781311,0.872767984867096,896.0,896.0,50.0,6.396310806274414,26.06280517578125,3.0640363693237305,0.4102545976638794,1.4191175699234009,1.364963412284851,0.3750000596046448,48.0,48.0,29.0,20.899381637573242,19.319995880126953,2.1619343757629395,0.4258647859096527,0.10841918736696243,0.10841919481754303,0.9574999213218689,8421.2255859375,0.42106127929687504,2.1935629844665527,33.262142181396484,5.551912307739258,0.45594871044158936
5,349,0.09573519229888916,0.09276971220970154,0.9588944911956787,2822.0,2822.0,50.0,2.017812728881836,33.45664596557617,5.616962909698486,0.46000751852989197,0.019267991185188293,0.016287829726934433,0.9943587183952332,2659.0,2659.0,50.0,0.5206571221351624,35.967018127441406,6.478772163391113,0.4670945405960083,0.35297009348869324,0.3770637810230255,0.8446261882781982,856.0,856.0,50.0,7.028100490570068,25.165355682373047,2.909714460372925,0.4086225926876068,1.593700885772705,1.4831105470657349,0.39682531356811523,63.0,63.0,32.0,20.428022384643555,19.415855407714844,2.346219062805176,0.4209579825401306,0.11311623454093933,0.11311622709035873,0.9528124928474426,8421.14453125,0.4210572265625,2.247142791748047,33.2524528503418,5.580726623535156,0.4556948244571686
5,399,0.09430581331253052,0.0909440740942955,0.9600712060928345,2805.0,2805.0,50.0,1.994286298751831,33.46525192260742,5.639614105224609,0.4607658088207245,0.016472041606903076,0.017436208203434944,0.9973374009132385,2629.0,2629.0,50.0,0.48810040950775146,36.015262603759766,6.459681034088135,0.4678782820701599,0.34294557571411133,0.3748975396156311,0.8697574138641357,906.0,906.0,50.0,6.687412738800049,25.325572967529297,2.929699420928955,0.4065748155117035,1.5193445682525635,1.5988497734069824,0.36666664481163025,60.0,60.0,40.0,20.62689971923828,18.361068725585938,2.249236583709717,0.4224129617214203,0.1108909621834755,0.11089096963405609,0.95703125,8421.060546875,0.42105302734375,2.2146248817443848,33.218875885009766,5.561075210571289,0.455656498670578
5,449,0.09957107901573181,0.11372658610343933,0.957766592502594,2794.0,2794.0,50.0,2.0349926948547363,33.50650405883789,5.588438510894775,0.46023499965667725,0.02208629436790943,0.02447802945971489,0.9946909546852112,2637.0,2637.0,50.0,0.6034138798713684,35.900665283203125,6.340467929840088,0.4677831530570984,0.3255191147327423,0.2589326798915863,0.8660814166069031,911.0,911.0,50.0,6.403777599334717,25.608383178710938,3.028153896331787,0.4078877866268158,1.1417697668075562,1.1528129577636719,0.4482758939266205,58.0,58.0,34.0,18.791677474975586,17.257797241210938,1.9536093473434448,0.42241865396499634,0.10925213247537613,0.10925213992595673,0.9553125500679016,8420.9765625,0.421048828125,2.2188642024993896,33.221473693847656,5.500917434692383,0.4555510878562927
5,499,0.10764919221401215,0.09291573613882065,0.9518492817878723,2866.0,2866.0,50.0,2.1976866722106934,33.13664627075195,5.590039253234863,0.45902788639068604,0.016634661704301834,0.016064317896962166,0.9969464540481567,2620.0,2620.0,50.0,0.4960575997829437,36.03541564941406,6.475369453430176,0.4686402678489685,0.36388784646987915,0.3391452431678772,0.8501170873641968,854.0,854.0,50.0,7.040262699127197,24.8280086517334,2.8665318489074707,0.4071361720561981,1.3751176595687866,1.1669232845306396,0.4000000059604645,60.0,60.0,34.0,19.582012176513672,17.390640258789062,2.1370885372161865,0.420353502035141,0.11646448075771332,0.11646448075771332,0.9515624642372131,8420.892578125,0.42104462890625,2.31024169921875,33.0670280456543,5.5566816329956055,0.4556760787963867
5,549,0.08992858976125717,0.09548920392990112,0.9648258686065674,2843.0,2843.0,50.0,1.9105786085128784,33.437034606933594,5.630460739135742,0.45989468693733215,0.01698080077767372,0.018777480348944664,0.99693363904953,2609.0,2609.0,50.0,0.4859602153301239,36.00129699707031,6.496145248413086,0.46764758229255676,0.3424188196659088,0.30708450078964233,0.8498873114585876,886.0,886.0,50.0,6.897072792053223,25.113523483276367,2.895770788192749,0.4085868299007416,1.30660080909729,1.3740190267562866,0.35483866930007935,62.0,62.0,34.0,19.477272033691406,17.615581512451172,2.0548293590545654,0.4147428870201111,0.10693158209323883,0.10693159699440002,0.9560937881469727,8420.810546875,0.42104052734375,2.190319061279297,33.176815032958984,5.5701398849487305,0.4555148482322693
5,599,0.08925138413906097,0.09016042947769165,0.9626266956329346,2756.0,2756.0,50.0,1.9280837774276733,33.47309494018555,5.63646936416626,0.4601256549358368,0.02013140544295311,0.01574205793440342,0.9936755895614624,2688.0,2688.0,50.0,0.5660870671272278,35.90074920654297,6.378517150878906,0.4678059220314026,0.3097188472747803,0.3375042676925659,0.8658537268638611,902.0,902.0,50.0,6.409966468811035,25.231977462768555,2.971881866455078,0.40698572993278503,1.5070759057998657,1.2357145547866821,0.3333333730697632,54.0,54.0,34.0,20.67752456665039,20.540409088134766,2.289519786834717,0.42015430331230164,0.10325603187084198,0.10325602442026138,0.9567186236381531,8420.73046875,0.42103652343750003,2.145908832550049,33.22210693359375,5.544349193572998,0.4555246829986572
5,649,0.08680759370326996,0.08504506200551987,0.963130533695221,2875.0,2875.0,50.0,1.8524057865142822,33.54066467285156,5.672039031982422,0.4601490795612335,0.018548285588622093,0.019219839945435524,0.9961042404174805,2567.0,2567.0,50.0,0.5166972279548645,36.04287338256836,6.457215309143066,0.4678933620452881,0.31468942761421204,0.3326461911201477,0.8714285492897034,910.0,910.0,50.0,6.218767166137695,25.895614624023438,3.029888391494751,0.4073825180530548,1.4022972583770752,1.2179774045944214,0.3958333432674408,48.0,48.0,30.0,19.640390396118164,18.90093994140625,2.1794304847717285,0.4235142767429352,0.10169731825590134,0.10169733315706253,0.9590624570846558,8420.6484375,0.421032421875,2.070913314819336,33.34745788574219,5.585093021392822,0.4554777443408966
5,699,0.10160517692565918,0.1051335483789444,0.9582142233848572,2800.0,2800.0,50.0,2.0907132625579834,33.3772087097168,5.611863136291504,0.4598885178565979,0.02177770808339119,0.023757871240377426,0.9943247437477112,2643.0,2643.0,50.0,0.5938072204589844,35.92814636230469,6.41622257232666,0.46823179721832275,0.3116932511329651,0.27435168623924255,0.868888795375824,900.0,900.0,50.0,6.2048797607421875,25.757596969604492,3.062479019165039,0.4061932861804962,1.4927310943603516,1.9724161624908447,0.385964959859848,57.0,57.0,36.0,20.209880828857422,19.246070861816406,2.273287534713745,0.4269888699054718,0.11057230085134506,0.11057227849960327,0.9554687738418579,8420.5634765625,0.421028173828125,2.212466239929199,33.23330307006836,5.555797576904297,0.4554901123046875
5,749,0.09710730612277985,0.10395513474941254,0.9564915895462036,2873.0,2873.0,50.0,2.0101327896118164,33.51469421386719,5.673016548156738,0.4606661796569824,0.017359843477606773,0.019062062725424767,0.9949098825454712,2554.0,2554.0,50.0,0.49422386288642883,36.12090301513672,6.532015323638916,0.46891719102859497,0.3330702483654022,0.262100487947464,0.8576125502586365,913.0,913.0,50.0,6.665869235992432,24.839210510253906,2.9143776893615723,0.4054308235645294,1.3672595024108887,0.979836106300354,0.4500000774860382,60.0,60.0,34.0,19.567506790161133,17.810029983520508,2.081019639968872,0.4190916419029236,0.11085235327482224,0.11085235327482224,0.9529688358306885,8420.48046875,0.4210240234375,2.2339606285095215,33.169891357421875,5.588598728179932,0.4556894302368164
5,799,0.09631170332431793,0.0995754525065422,0.9613626599311829,2847.0,2847.0,50.0,2.06140398979187,33.28314208984375,5.659625053405762,0.4601730704307556,0.017757616937160492,0.018102770671248436,0.9961875677108765,2623.0,2623.0,50.0,0.5071263313293457,36.023773193359375,6.502747058868408,0.46784794330596924,0.32514941692352295,0.33980199694633484,0.8754285573959351,875.0,875.0,50.0,6.315057754516602,25.433149337768555,2.951240301132202,0.4041227400302887,1.666606068611145,1.6806575059890747,0.3090909421443939,55.0,55.0,32.0,21.795551300048828,20.708755493164062,2.348933696746826,0.4284585118293762,0.10889794677495956,0.10889792442321777,0.9582811594009399,8420.3974609375,0.421019873046875,2.175537586212158,33.22507095336914,5.6064348220825195,0.4553828835487366
5,849,0.07778409123420715,0.07267113029956818,0.9698619246482849,2754.0,2754.0,50.0,1.703122615814209,33.80854034423828,5.738232612609863,0.46068158745765686,0.018614349886775017,0.016907159239053726,0.9965961575508118,2644.0,2644.0,50.0,0.5266056060791016,36.00190353393555,6.535235404968262,0.46840623021125793,0.36935701966285706,0.3875902593135834,0.8464772701263428,951.0,951.0,50.0,7.147978782653809,24.632627487182617,2.918757438659668,0.40706390142440796,1.321001648902893,1.3798160552978516,0.4313725233078003,51.0,51.0,35.0,19.51534080505371,16.08816909790039,2.01008939743042,0.4138242304325104,0.10657240450382233,0.10657240450382233,0.9582812786102295,8420.3154296875,0.421015771484375,2.1680867671966553,33.20998001098633,5.618829727172852,0.4555321931838989
5,899,0.09784054756164551,0.08636589348316193,0.9539427161216736,2866.0,2866.0,50.0,2.0559840202331543,33.33242416381836,5.553423881530762,0.4599193036556244,0.02098063938319683,0.019201597198843956,0.9929742217063904,2562.0,2562.0,50.0,0.5742040276527405,35.99502944946289,6.454879283905029,0.4681767523288727,0.2817803919315338,0.2760928273200989,0.8932462930679321,918.0,918.0,50.0,5.837428092956543,26.043071746826172,3.087790012359619,0.40834471583366394,1.4989137649536133,1.6125023365020752,0.42592597007751465,54.0,54.0,36.0,18.82972526550293,18.2540340423584,2.4083125591278076,0.419945627450943,0.10527800023555756,0.10527798533439636,0.9564062356948853,8420.2333984375,0.421011669921875,2.1467385292053223,33.22550964355469,5.53408670425415,0.4554898738861084
5,949,0.09332413226366043,0.08681187033653259,0.9612431526184082,2864.0,2864.0,50.0,1.928882360458374,33.60447692871094,5.699164390563965,0.4603879749774933,0.01966026984155178,0.014451286755502224,0.9953809976577759,2598.0,2598.0,50.0,0.5511093735694885,35.89572525024414,6.444772243499756,0.4675320088863373,0.3377852737903595,0.38599398732185364,0.8574686646461487,877.0,877.0,50.0,6.585611343383789,25.922758102416992,2.9930548667907715,0.40676242113113403,1.2183339595794678,1.3336273431777954,0.4590164124965668,61.0,61.0,34.0,18.216527938842773,16.720035552978516,1.9974530935287476,0.41544845700263977,0.10764278471469879,0.10764278471469879,0.9560937881469727,8420.15234375,0.4210076171875,2.162951707839966,33.321014404296875,5.595730781555176,0.45551133155822754
5,999,0.10259266197681427,0.11301325261592865,0.9597970843315125,2761.0,2761.0,50.0,2.11771297454834,33.30165100097656,5.627063751220703,0.4603688418865204,0.0184602290391922,0.01667533442378044,0.9959229826927185,2698.0,2698.0,50.0,0.5156712532043457,35.93952178955078,6.490432262420654,0.46757933497428894,0.3198920488357544,0.3464137017726898,0.8602028489112854,887.0,887.0,50.0,6.391027450561523,25.773000717163086,3.056060552597046,0.40479281544685364,1.734557867050171,1.3510633707046509,0.29629629850387573,54.0,54.0,33.0,21.70513343811035,20.82607078552246,2.3894832134246826,0.42098376154899597,0.11101160943508148,0.11101162433624268,0.9556249380111694,8420.06640625,0.42100332031250004,2.199875831604004,33.264991760253906,5.607385635375977,0.45537370443344116
5,1049,0.09188201278448105,0.09143677353858948,0.9604418277740479,2806.0,2806.0,50.0,1.9675836563110352,33.464576721191406,5.701263904571533,0.46035876870155334,0.01748473569750786,0.015170048922300339,0.9958333969116211,2640.0,2640.0,50.0,0.5001464486122131,35.95169448852539,6.537675380706787,0.4672097861766815,0.31123480200767517,0.31640854477882385,0.8745837211608887,901.0,901.0,50.0,6.363343715667725,25.40341567993164,2.9847817420959473,0.4074266850948334,1.090325117111206,1.242814302444458,0.5094341039657593,53.0,53.0,32.0,18.07777976989746,16.419527053833008,1.9191087484359741,0.42295143008232117,0.10034225881099701,0.10034225136041641,0.9592187404632568,8419.9833984375,0.420999169921875,2.1145191192626953,33.21449661254883,5.632533073425293,0.45542317628860474
5,1099,0.09325544536113739,0.09604020416736603,0.9594643115997314,2837.0,2837.0,50.0,1.9523882865905762,33.48524475097656,5.744576454162598,0.45989659428596497,0.018636683002114296,0.01468650996685028,0.994600772857666,2593.0,2593.0,50.0,0.5245782136917114,36.0162239074707,6.599310398101807,0.4681015908718109,0.33520737290382385,0.32418352365493774,0.8628943562507629,919.0,919.0,50.0,6.683238983154297,25.414094924926758,2.973095417022705,0.4082319438457489,1.5462310314178467,1.5720720291137695,0.3921568691730499,51.0,51.0,34.0,20.461162567138672,18.080821990966797,2.234966993331909,0.42262741923332214,0.10934436321258545,0.10934436321258545,0.9553124904632568,8419.9013671875,0.420995068359375,2.200714588165283,33.228965759277344,5.664942741394043,0.4555051922798157
5,1149,0.09685676544904709,0.08288080245256424,0.9596319198608398,2824.0,2824.0,50.0,2.0414960384368896,33.29371643066406,5.636852741241455,0.4592622220516205,0.01711045578122139,0.013941731303930283,0.9951035976409912,2655.0,2655.0,50.0,0.4587852954864502,36.14073944091797,6.578524589538574,0.467989057302475,0.3174196183681488,0.2812615931034088,0.8630610704421997,869.0,869.0,50.0,6.369428634643555,25.541236877441406,2.998213052749634,0.40614205598831177,1.2585586309432983,1.0374138355255127,0.48076924681663513,52.0,52.0,29.0,18.62590980529785,18.428316116333008,2.08794903755188,0.4196729362010956,0.10316161811351776,0.10316163301467896,0.9573438167572021,8419.8193359375,0.42099096679687503,2.107318878173828,33.301361083984375,5.640386581420898,0.45534810423851013
5,1199,0.083287812769413,0.09174883365631104,0.9647859930992126,2783.0,2783.0,50.0,1.8187048435211182,33.545372009277344,5.775653839111328,0.4604978561401367,0.02183481678366661,0.021997809410095215,0.9927536845207214,2622.0,2622.0,50.0,0.5792587995529175,35.981666564941406,6.621992588043213,0.4686123728752136,0.30675986409187317,0.2849545478820801,0.8777894973754883,941.0,941.0,50.0,6.247725963592529,25.3662166595459,2.993117332458496,0.4053392708301544,1.724295735359192,1.854142189025879,0.3518518805503845,54.0,54.0,34.0,21.678207397460938,19.781496047973633,2.412855386734009,0.42615649104118347,0.10481470823287964,0.10481466352939606,0.9582811594009399,8419.7353515625,0.42098676757812503,2.129688262939453,33.22476577758789,5.684895038604736,0.45542246103286743
5,1249,0.0963805690407753,0.09207874536514282,0.9526317119598389,2850.0,2850.0,50.0,2.0436837673187256,33.292171478271484,5.705107688903809,0.4598948061466217,0.017061026766896248,0.01527463924139738,0.996588408946991,2638.0,2638.0,50.0,0.4859462082386017,35.912742614746094,6.563685417175293,0.4664398431777954,0.3235616683959961,0.35345467925071716,0.8606271743774414,861.0,861.0,50.0,6.467700004577637,25.936607360839844,2.9893882274627686,0.4088582694530487,1.974818468093872,1.8835269212722778,0.2549020051956177,51.0,51.0,31.0,22.894819259643555,20.183713912963867,2.5328521728515625,0.4199712574481964,0.1092178151011467,0.1092178001999855,0.9528125524520874,8419.654296875,0.42098271484375,2.1629297733306885,33.27832794189453,5.668374061584473,0.4554084539413452
5,1271,0.08214620500802994,0.07974947988986969,0.970328688621521,1247.0,1247.0,22.0,1.6974672079086304,33.71976089477539,5.794408321380615,0.46011775732040405,0.019989173859357834,0.01695689558982849,0.9944953918457031,1090.0,1090.0,22.0,0.49695950746536255,36.15708923339844,6.660453796386719,0.46742525696754456,0.34028521180152893,0.31251755356788635,0.8571428656578064,406.0,406.0,22.0,6.829927444458008,25.207971572875977,2.9764537811279297,0.4099067151546478,1.0303922891616821,1.2057589292526245,0.37037035822868347,27.0,27.0,15.0,19.16745376586914,16.04450225830078,1.832493543624878,0.42257916927337646,0.10440031439065933,0.10476567596197128,0.9574006795883179,8419.6162109375,0.42098081054687503,2.1476171016693115,33.25899124145508,5.683551788330078,0.45526793599128723
6,49,0.09945075958967209,0.10022300481796265,0.9561752676963806,2761.0,2761.0,50.0,2.0734498500823975,33.45869445800781,5.757497787475586,0.461181640625,0.023747695609927177,0.020265890285372734,0.9921021461486816,2659.0,2659.0,50.0,0.6267479062080383,35.74092102050781,6.436886787414551,0.466198593378067,0.33771276473999023,0.31000399589538574,0.8596299886703491,919.0,919.0,50.0,6.562511444091797,25.87603759765625,3.058418035507202,0.40927162766456604,1.342386245727539,1.3280713558197021,0.42622944712638855,61.0,61.0,35.0,18.740856170654297,18.455734252929688,2.1906609535217285,0.4187270998954773,0.11405815184116364,0.11405816674232483,0.9521874189376831,8419.5322265625,0.420976611328125,2.275852918624878,33.17506790161133,5.618195533752441,0.45540744066238403
6,99,0.0945252776145935,0.08389277756214142,0.9583333730697632,2760.0,2760.0,50.0,1.9565956592559814,33.580116271972656,5.725682258605957,0.46060556173324585,0.02286510542035103,0.023602070286870003,0.9939439296722412,2642.0,2642.0,50.0,0.5974375009536743,35.83109664916992,6.502676486968994,0.4671630561351776,0.32509613037109375,0.31202584505081177,0.8637804985046387,947.0,947.0,50.0,6.59047269821167,25.378849029541016,2.9822206497192383,0.4087824523448944,1.3956087827682495,1.1364376544952393,0.3921568691730499,51.0,51.0,30.0,20.997257232666016,18.645723342895508,2.0658490657806396,0.4308409094810486,0.10942835360765457,0.10942835360765457,0.9545312523841858,8419.44921875,0.4209724609375,2.232917547225952,33.17681121826172,5.611324787139893,0.45540720224380493
6,149,0.100375235080719,0.09515053033828735,0.9551442265510559,2809.0,2809.0,50.0,2.104832172393799,33.343482971191406,5.6315226554870605,0.46095532178878784,0.01847541332244873,0.017605096101760864,0.9969534277915955,2626.0,2626.0,50.0,0.5279690027236938,35.95357131958008,6.5000481605529785,0.4679076373577118,0.29446282982826233,0.2466861754655838,0.8723872900009155,909.0,909.0,50.0,6.0618767738342285,25.566377639770508,3.024639129638672,0.4051090478897095,1.219659447669983,1.2683740854263306,0.446428507566452,56.0,56.0,34.0,18.6387939453125,17.489410400390625,2.03654146194458,0.4174409508705139,0.10413096845149994,0.10413095355033875,0.9560937285423279,8419.369140625,0.42096845703125,2.1645216941833496,33.171119689941406,5.586174488067627,0.45549526810646057
6,199,0.08602176606655121,0.08275187760591507,0.9643476605415344,2889.0,2889.0,50.0,1.8472979068756104,33.59303665161133,5.759143352508545,0.4602898359298706,0.017501933500170708,0.015901323407888412,0.9968750476837158,2560.0,2560.0,50.0,0.5034474730491638,35.97787094116211,6.584874153137207,0.467561811208725,0.32966887950897217,0.3429427444934845,0.8510640859603882,893.0,893.0,50.0,6.65948486328125,25.365583419799805,2.982963800430298,0.40773630142211914,1.4050225019454956,1.3374600410461426,0.27586206793785095,58.0,58.0,33.0,21.451522827148438,16.950790405273438,2.0445876121520996,0.42941027879714966,0.10456366837024689,0.10456366837024689,0.9553126096725464,8419.28515625,0.4209642578125,2.1588714122772217,33.24816131591797,5.6684088706970215,0.45558589696884155
6,249,0.10783246904611588,0.0807194784283638,0.9552080631256104,2813.0,2813.0,50.0,2.125293016433716,33.36257553100586,5.7027435302734375,0.4592438042163849,0.019863685593008995,0.017650624737143517,0.9966541528701782,2690.0,2690.0,50.0,0.5591593980789185,35.84953308105469,6.51654577255249,0.4671880900859833,0.31338879466056824,0.343027800321579,0.8648649454116821,851.0,851.0,50.0,6.482805252075195,25.424766540527344,2.937490940093994,0.40664899349212646,1.4089082479476929,1.1839368343353271,0.3913044035434723,46.0,46.0,30.0,18.700883865356445,18.982990264892578,2.250016450881958,0.421987920999527,0.10754212737083435,0.10754214227199554,0.9565625190734863,8419.201171875,0.42096005859375,2.1655776500701904,33.24903869628906,5.652285575866699,0.45532160997390747
6,299,0.09662362188100815,0.10268398374319077,0.9604741930961609,2783.0,2783.0,50.0,2.0270705223083496,33.31375503540039,5.781858921051025,0.459972620010376,0.017498355358839035,0.02259284257888794,0.9954250454902649,2623.0,2623.0,50.0,0.47024235129356384,36.188316345214844,6.673330307006836,0.46918800473213196,0.3374026119709015,0.2794184386730194,0.8574469089508057,940.0,940.0,50.0,6.685822486877441,25.20680046081543,2.9258549213409424,0.4050706624984741,1.3281049728393555,1.4390575885772705,0.3888888657093048,54.0,54.0,32.0,20.251766204833984,16.012874603271484,1.963841438293457,0.41813260316848755,0.10994966328144073,0.10994965583086014,0.9548436403274536,8419.1171875,0.420955859375,2.227039337158203,33.155189514160156,5.69553279876709,0.4553327262401581
6,349,0.10250832885503769,0.10131961852312088,0.9581443071365356,2867.0,2867.0,50.0,2.1009161472320557,33.199623107910156,5.662369251251221,0.45852556824684143,0.01568051613867283,0.015966543927788734,0.9973261952400208,2618.0,2618.0,50.0,0.45637625455856323,36.10304260253906,6.663142204284668,0.4686354398727417,0.318270742893219,0.30622854828834534,0.8643678426742554,870.0,870.0,50.0,6.3612494468688965,25.340927124023438,2.9419190883636475,0.4060187041759491,1.8609466552734375,2.0887253284454346,0.17777779698371887,45.0,45.0,31.0,24.05493927001953,19.84022331237793,2.327268362045288,0.42743319272994995,0.10868454724550247,0.10868455469608307,0.9559375047683716,8419.0341796875,0.420951708984375,2.1616997718811035,33.22507858276367,5.6784868240356445,0.4553048610687256
6,399,0.09000807255506516,0.09922574460506439,0.9620029330253601,2816.0,2816.0,50.0,1.9167163372039795,33.35387420654297,5.757386684417725,0.4593132436275482,0.013637605123221874,0.012996087782084942,0.9984858632087708,2642.0,2642.0,50.0,0.4109208881855011,36.20809555053711,6.675761699676514,0.46838340163230896,0.3220445215702057,0.29863041639328003,0.8779931664466858,877.0,877.0,50.0,6.477391242980957,24.72964859008789,2.9263296127319336,0.40478232502937317,1.3132615089416504,1.3626571893692017,0.40000006556510925,65.0,65.0,38.0,19.86126136779785,17.51887321472168,2.034825086593628,0.4211463928222656,0.10270129144191742,0.10270129889249802,0.9598437547683716,8418.9541015625,0.420947705078125,2.102309465408325,33.18952178955078,5.710752487182617,0.45519745349884033
6,449,0.08607615530490875,0.08395574986934662,0.9660896062850952,2772.0,2772.0,50.0,1.871379017829895,33.470699310302734,5.724344253540039,0.45978185534477234,0.01782088540494442,0.016314469277858734,0.9947150349617004,2649.0,2649.0,50.0,0.4943220019340515,36.06454086303711,6.673773288726807,0.4680109918117523,0.3237331509590149,0.2647450566291809,0.873775839805603,919.0,919.0,50.0,6.453516960144043,25.328824996948242,2.9855008125305176,0.4052375257015228,1.226230502128601,1.3743195533752441,0.4999999701976776,60.0,60.0,37.0,17.681015014648438,20.314462661743164,2.226673126220703,0.42647820711135864,0.10263990610837936,0.10263987630605698,0.9603124856948853,8418.87109375,0.4209435546875,2.107588291168213,33.2518424987793,5.69124698638916,0.4550434947013855
6,499,0.0962333232164383,0.09652426838874817,0.959956705570221,2772.0,2772.0,50.0,1.981865644454956,33.51919937133789,5.7805376052856445,0.4606684446334839,0.02052484266459942,0.02328273467719555,0.9940009713172913,2667.0,2667.0,50.0,0.5674851536750793,35.81899642944336,6.495117664337158,0.4665627181529999,0.28649428486824036,0.26987218856811523,0.8926993012428284,904.0,904.0,50.0,5.856389045715332,25.786020278930664,3.0385680198669434,0.4061368405818939,1.4268298149108887,1.079964280128479,0.35087716579437256,57.0,57.0,33.0,19.97901153564453,18.193748474121094,2.202920436859131,0.4220118820667267,0.10340914875268936,0.10340916365385056,0.9592188596725464,8418.7900390625,0.420939501953125,2.1000304222106934,33.24876403808594,5.659150123596191,0.4550778269767761
6,549,0.0950564444065094,0.09689956903457642,0.9588550925254822,2795.0,2795.0,50.0,1.9752756357192993,33.42998504638672,5.770593643188477,0.45921075344085693,0.019727399572730064,0.01828916370868683,0.9951256513595581,2667.0,2667.0,50.0,0.5112213492393494,36.055755615234375,6.682888984680176,0.4679444134235382,0.31201308965682983,0.28417202830314636,0.8619527816772461,891.0,891.0,50.0,6.364786624908447,25.533199310302734,3.0253450870513916,0.40569716691970825,1.2037450075149536,1.230291485786438,0.4680851399898529,47.0,47.0,34.0,18.347116470336914,17.05655288696289,2.0806634426116943,0.4281895160675049,0.1020117774605751,0.1020117849111557,0.9568749666213989,8418.70703125,0.4209353515625,2.0965096950531006,33.304569244384766,5.741476058959961,0.4551723599433899
6,599,0.09778733551502228,0.10405602306127548,0.9622978568077087,2785.0,2785.0,50.0,1.9783601760864258,33.50510025024414,5.741549968719482,0.45953452587127686,0.015756789594888687,0.017094958573579788,0.9977383613586426,2653.0,2653.0,50.0,0.4720664620399475,36.026248931884766,6.6579909324646,0.4680168032646179,0.3137699067592621,0.32085198163986206,0.8673244118690491,912.0,912.0,50.0,6.384553909301758,25.33181381225586,2.9768447875976562,0.4050979018211365,1.557660698890686,2.508241891860962,0.44000014662742615,50.0,50.0,30.0,19.480152130126953,19.754411697387695,2.4432733058929443,0.427772581577301,0.10596588253974915,0.10596588999032974,0.9593749046325684,8418.625,0.42093125000000003,2.118569850921631,33.278076171875,5.701704978942871,0.45504534244537354
6,649,0.08277744799852371,0.09487765282392502,0.9676854014396667,2847.0,2847.0,50.0,1.7451183795928955,33.658260345458984,5.829596519470215,0.4604133367538452,0.021018903702497482,0.021290738135576248,0.9919044375419617,2594.0,2594.0,50.0,0.5360910892486572,36.04373550415039,6.706058025360107,0.4674496650695801,0.3173452317714691,0.2985686957836151,0.8729280829429626,905.0,905.0,50.0,6.2453436851501465,25.835824966430664,3.0394539833068848,0.4052407443523407,1.3057466745376587,1.0514099597930908,0.42592594027519226,54.0,54.0,36.0,18.87226676940918,18.244239807128906,2.1783742904663086,0.426754891872406,0.10123410075902939,0.10123409330844879,0.959531307220459,8418.5400390625,0.42092700195312505,2.0359549522399902,33.3889274597168,5.759486675262451,0.45517951250076294
6,699,0.09591094404459,0.10171663016080856,0.9595271944999695,2792.0,2792.0,50.0,1.9574389457702637,33.361148834228516,5.742404937744141,0.45847925543785095,0.017278609797358513,0.019235488027334213,0.9948185682296753,2702.0,2702.0,50.0,0.4925597310066223,35.98416519165039,6.670083522796631,0.4674034118652344,0.31763190031051636,0.3304681181907654,0.8776470422744751,850.0,850.0,50.0,6.274653434753418,25.736408233642578,3.092029571533203,0.40757647156715393,1.6253911256790161,1.6979665756225586,0.410714328289032,56.0,56.0,31.0,20.097686767578125,19.878610610961914,2.352530002593994,0.4175691604614258,0.10554363578557968,0.10554362088441849,0.9587499499320984,8418.458984375,0.42092294921875,2.0710926055908203,33.337921142578125,5.752394676208496,0.45512843132019043
6,749,0.084522545337677,0.08689174056053162,0.9649374485015869,2795.0,2795.0,50.0,1.8092737197875977,33.46343231201172,5.768950462341309,0.4585900604724884,0.019169636070728302,0.0174555703997612,0.9958802461624146,2670.0,2670.0,50.0,0.5358431935310364,35.92633056640625,6.6878662109375,0.4686824083328247,0.3046386241912842,0.2375379055738449,0.8825541734695435,877.0,877.0,50.0,6.040103435516357,26.164569854736328,3.087507963180542,0.4057857394218445,1.47028648853302,1.4783366918563843,0.32758629322052,58.0,58.0,34.0,21.047897338867188,17.640348434448242,2.05342960357666,0.41391506791114807,0.09997938573360443,0.09997940063476562,0.9607813358306885,8418.375,0.42091875,2.0321202278137207,33.347354888916016,5.751197814941406,0.4551597535610199
6,799,0.0903015211224556,0.08821438252925873,0.9591545462608337,2791.0,2791.0,50.0,1.90339195728302,33.66556930541992,5.8681793212890625,0.46079400181770325,0.018586518242955208,0.016987133771181107,0.9958443641662598,2647.0,2647.0,50.0,0.5280581116676331,35.935306549072266,6.670173645019531,0.4667503535747528,0.3210003077983856,0.28996530175209045,0.8657050132751465,901.0,901.0,50.0,6.505155086517334,25.533763885498047,3.008899688720703,0.4060426354408264,1.322996735572815,1.205734133720398,0.4590162932872772,61.0,61.0,35.0,17.95508575439453,19.091650009155273,2.2536091804504395,0.4132475256919861,0.10486780852079391,0.1048678308725357,0.95640629529953,8418.2919921875,0.420914599609375,2.13539719581604,33.32060623168945,5.762894630432129,0.45509636402130127
6,849,0.08978480100631714,0.08867449313402176,0.9616330862045288,2841.0,2841.0,50.0,1.924757719039917,33.4280891418457,5.7964935302734375,0.4594371020793915,0.017337094992399216,0.01543871033936739,0.9957693219184875,2600.0,2600.0,50.0,0.4738919734954834,36.06543731689453,6.7091288566589355,0.4679073989391327,0.33112096786499023,0.3465290367603302,0.8563594818115234,912.0,912.0,50.0,6.510033130645752,25.610408782958984,3.0125460624694824,0.406807541847229,1.2267247438430786,1.656182050704956,0.3617021441459656,47.0,47.0,30.0,19.200851440429688,16.06354522705078,1.9902878999710083,0.4218007028102875,0.1030927523970604,0.103092722594738,0.9560936689376831,8418.2109375,0.420910546875,2.1156165599823,33.257972717285156,5.742587089538574,0.45510202646255493
6,899,0.09275893121957779,0.08502838760614395,0.9610525965690613,2850.0,2850.0,50.0,1.9098538160324097,33.4170036315918,5.815890312194824,0.4592282772064209,0.018941743299365044,0.020259788259863853,0.9949884414672852,2594.0,2594.0,50.0,0.5067707300186157,36.057064056396484,6.7071533203125,0.46796733140945435,0.3386072516441345,0.30663788318634033,0.8591856956481934,909.0,909.0,50.0,6.595808506011963,25.229354858398438,3.0054914951324463,0.40634945034980774,1.26597261428833,1.3317302465438843,0.44680848717689514,47.0,47.0,30.0,18.932348251342773,19.334205627441406,2.1054365634918213,0.4225528836250305,0.1063738539814949,0.10637383162975311,0.9565624594688416,8418.1259765625,0.420906298828125,2.131727695465088,33.220733642578125,5.7507171630859375,0.45499056577682495
6,949,0.09897829592227936,0.08124024420976639,0.9561652541160583,2806.0,2806.0,50.0,1.997099757194519,33.448116302490234,5.781357288360596,0.45881903171539307,0.01719016022980213,0.017815975472331047,0.997688889503479,2596.0,2596.0,50.0,0.4864024221897125,36.18095016479492,6.737095832824707,0.46991103887557983,0.3244146704673767,0.29048678278923035,0.8711722493171692,947.0,947.0,50.0,6.483898639678955,25.377107620239258,2.9990923404693604,0.4046931266784668,1.3599448204040527,1.238694190979004,0.3921568989753723,51.0,51.0,31.0,19.893871307373047,17.585329055786133,2.1087024211883545,0.42172855138778687,0.1092088371515274,0.1092088520526886,0.9559375047683716,8418.0419921875,0.420902099609375,2.1908440589904785,33.235958099365234,5.728074073791504,0.4550136923789978
6,999,0.10071928054094315,0.11427365988492966,0.9532678723335266,2846.0,2846.0,50.0,2.1239891052246094,33.09394836425781,5.677653789520264,0.45796260237693787,0.016896450892090797,0.018590431660413742,0.9969266057014465,2603.0,2603.0,50.0,0.4903237223625183,36.05908966064453,6.5880231857299805,0.4690815210342407,0.3156399726867676,0.3034229874610901,0.8798187971115112,882.0,882.0,50.0,6.051867485046387,26.197738647460938,3.1596288681030273,0.40667518973350525,1.4975736141204834,1.2525238990783691,0.4057970941066742,69.0,69.0,39.0,18.76813507080078,19.89590835571289,2.358912229537964,0.41445523500442505,0.11130557954311371,0.11130554974079132,0.9550000429153442,8417.958984375,0.42089794921875,2.180302143096924,33.207252502441406,5.665122985839844,0.4549477696418762
6,1049,0.09550517797470093,0.10059055685997009,0.9569395184516907,2810.0,2810.0,50.0,1.9079463481903076,33.641632080078125,5.8653130531311035,0.4598851501941681,0.0191099401563406,0.01955198310315609,0.9954596757888794,2643.0,2643.0,50.0,0.5312802791595459,35.98403549194336,6.63158655166626,0.4678449034690857,0.3208751380443573,0.30498582124710083,0.8655556440353394,900.0,900.0,50.0,6.4187774658203125,25.188650131225586,3.015439987182617,0.4043138921260834,1.8098176717758179,1.8332902193069458,0.3829786777496338,47.0,47.0,28.0,20.60928726196289,20.949216842651367,2.5491385459899902,0.41737285256385803,0.10823845863342285,0.10823846608400345,0.9557812213897705,8417.8740234375,0.420893701171875,2.1110999584198,33.32706069946289,5.756643295288086,0.4550453722476959
6,1099,0.08901038765907288,0.07935365289449692,0.9590684175491333,2834.0,2834.0,50.0,1.8968896865844727,33.448970794677734,5.80739164352417,0.45898836851119995,0.017123015597462654,0.017842698842287064,0.9962133765220642,2641.0,2641.0,50.0,0.4804559051990509,36.09973907470703,6.683579921722412,0.46863362193107605,0.3241580128669739,0.2965954840183258,0.8639999628067017,875.0,875.0,50.0,6.3541717529296875,25.596614837646484,3.035330295562744,0.40349724888801575,1.363878846168518,1.4451429843902588,0.3799999952316284,50.0,50.0,30.0,19.80911636352539,18.13888168334961,2.104191780090332,0.4121612310409546,0.10145466029644012,0.10145461559295654,0.9568749070167542,8417.7919921875,0.420889599609375,2.061722755432129,33.34965133666992,5.7610321044921875,0.45501601696014404
6,1149,0.0846252292394638,0.07781433314085007,0.9650177955627441,2830.0,2830.0,50.0,1.8366550207138062,33.31939697265625,5.750702381134033,0.4583393931388855,0.01716121844947338,0.011152919381856918,0.9950077533721924,2604.0,2604.0,50.0,0.46926188468933105,36.2232780456543,6.768199443817139,0.46969711780548096,0.35479336977005005,0.3687124252319336,0.8566703796386719,907.0,907.0,50.0,6.646597862243652,25.238733291625977,3.0014636516571045,0.40395164489746094,1.4506595134735107,1.3778836727142334,0.38983047008514404,59.0,59.0,37.0,19.942758560180664,18.69709014892578,2.1979103088378906,0.41709935665130615,0.10805683583021164,0.10805682837963104,0.9565625786781311,8417.7080078125,0.420885400390625,2.1288716793060303,33.22093200683594,5.742325782775879,0.45487260818481445
6,1199,0.09070192277431488,0.08333638310432434,0.9602533578872681,2843.0,2843.0,50.0,1.8958921432495117,33.58010482788086,5.7728705406188965,0.4596574008464813,0.0208306722342968,0.017073817551136017,0.9942769408226013,2621.0,2621.0,50.0,0.5590364933013916,35.90760803222656,6.543206214904785,0.46755290031433105,0.2975066304206848,0.3007725179195404,0.8890135884284973,892.0,892.0,50.0,5.955242156982422,25.68490219116211,3.1058640480041504,0.40454748272895813,1.9385982751846313,1.7865917682647705,0.27272722125053406,44.0,44.0,32.0,23.5638370513916,19.836210250854492,2.4394896030426025,0.4298231899738312,0.1036151573061943,0.1036151647567749,0.959531307220459,8417.626953125,0.42088134765625,2.0631470680236816,33.33840560913086,5.693716049194336,0.45500481128692627
6,1249,0.08848898112773895,0.09286543726921082,0.962192177772522,2883.0,2883.0,50.0,1.8331584930419922,33.53348922729492,5.803234577178955,0.45972272753715515,0.01841610297560692,0.02038605697453022,0.9933387041091919,2552.0,2552.0,50.0,0.5015093684196472,36.07692337036133,6.565587997436523,0.4677070677280426,0.31510114669799805,0.27676165103912354,0.8639909625053406,897.0,897.0,50.0,6.211365699768066,25.764892578125,3.1198196411132812,0.4048649072647095,1.3248789310455322,1.0353295803070068,0.470588356256485,68.0,68.0,35.0,19.086750030517578,17.717954635620117,2.1131041049957275,0.4189210832118988,0.10544516891241074,0.10544517636299133,0.955625057220459,8417.541015625,0.42087705078125004,2.099116086959839,33.29082489013672,5.691917896270752,0.4547843039035797
6,1271,0.09352393448352814,0.09064612537622452,0.9604518413543701,1239.0,1239.0,22.0,1.9987701177597046,33.127559661865234,5.769559860229492,0.45897698402404785,0.016833582893013954,0.01694650761783123,0.9945995211601257,1111.0,1111.0,22.0,0.4787624776363373,36.20848083496094,6.5850419998168945,0.4698666036128998,0.30176398158073425,0.2797794044017792,0.8680202960968018,394.0,394.0,22.0,5.999220848083496,26.125789642333984,3.116943120956421,0.4029447138309479,1.3721580505371094,1.1641219854354858,0.4615384638309479,26.0,26.0,13.0,18.762643814086914,18.26363754272461,2.161069631576538,0.40325477719306946,0.10387828946113586,0.10438606142997742,0.956317663192749,8417.5048828125,0.420875244140625,2.1154885292053223,33.22782897949219,5.68546199798584,0.4548516869544983
7,49,0.08254799991846085,0.07572002708911896,0.9643359780311584,2832.0,2832.0,50.0,1.828224539756775,33.462581634521484,5.7878336906433105,0.4599146544933319,0.02033219486474991,0.01733304187655449,0.9969465136528015,2620.0,2620.0,50.0,0.5658437609672546,35.87249755859375,6.550821781158447,0.4673929512500763,0.3361300528049469,0.3469609022140503,0.8539327383041382,890.0,890.0,50.0,6.504330635070801,25.359952926635742,3.045644760131836,0.40393438935279846,1.3738272190093994,1.4142839908599854,0.3965517282485962,58.0,58.0,37.0,19.202899932861328,19.438194274902344,2.2046961784362793,0.4234868586063385,0.1040443629026413,0.10404437780380249,0.9571874141693115,8417.4228515625,0.420871142578125,2.119166374206543,33.195274353027344,5.686373710632324,0.45486122369766235
7,99,0.08667634427547455,0.08312978595495224,0.961552083492279,2809.0,2809.0,50.0,1.8517612218856812,33.51909255981445,5.838863372802734,0.45932257175445557,0.020425602793693542,0.017079414799809456,0.9942682385444641,2617.0,2617.0,50.0,0.5330473184585571,36.03083038330078,6.648728370666504,0.4682273864746094,0.3238508403301239,0.32527559995651245,0.8776184320449829,907.0,907.0,50.0,6.18611478805542,25.61130142211914,3.065018653869629,0.40624678134918213,1.325680136680603,1.3828059434890747,0.43283581733703613,67.0,67.0,38.0,19.082439422607422,18.890092849731445,2.140489339828491,0.41981029510498047,0.10616888850927353,0.10616889595985413,0.9574999809265137,8417.33984375,0.4208669921875,2.1071736812591553,33.2723274230957,5.738199234008789,0.45502835512161255
7,149,0.10159759968519211,0.11115355044603348,0.9551444053649902,2809.0,2809.0,50.0,2.044252395629883,33.54737854003906,5.735124588012695,0.4601152241230011,0.01974993757903576,0.0214187353849411,0.9953882098197937,2602.0,2602.0,50.0,0.5462502837181091,35.994361877441406,6.565215110778809,0.4684506356716156,0.3190584182739258,0.28993552923202515,0.8616217970848083,925.0,925.0,50.0,6.222005367279053,25.749677658081055,3.1088030338287354,0.40422379970550537,1.3145349025726318,1.3502438068389893,0.4375000298023224,64.0,64.0,31.0,18.972450256347656,19.022233963012695,2.200032949447632,0.41515371203422546,0.11188066750764847,0.11188067495822906,0.952812671661377,8417.255859375,0.42086279296875,2.2083187103271484,33.26996612548828,5.657671928405762,0.4549764394760132
7,199,0.0881572738289833,0.08135967701673508,0.9619252681732178,2784.0,2784.0,50.0,1.8872947692871094,33.55517578125,5.771054267883301,0.46003878116607666,0.015195810236036777,0.011216591112315655,0.9977324604988098,2646.0,2646.0,50.0,0.45486128330230713,36.040931701660156,6.6274309158325195,0.46750062704086304,0.2888631522655487,0.2791684865951538,0.8899888396263123,909.0,909.0,50.0,5.795382499694824,25.815704345703125,3.0428903102874756,0.40489980578422546,1.3009004592895508,1.460368037223816,0.32786890864372253,61.0,61.0,39.0,20.68206214904785,15.802495956420898,1.9244444370269775,0.4243294298648834,0.09805773198604584,0.09805773943662643,0.9604686498641968,8417.1728515625,0.420858642578125,2.0292811393737793,33.31442642211914,5.70096492767334,0.4549519717693329
7,249,0.10116489976644516,0.10082003474235535,0.9563090205192566,2861.0,2861.0,50.0,2.0679550170898438,33.255828857421875,5.742453575134277,0.45891207456588745,0.016889607533812523,0.014862718060612679,0.9969100952148438,2589.0,2589.0,50.0,0.48048725724220276,36.05713653564453,6.6187357902526855,0.4680415987968445,0.3124759793281555,0.31053048372268677,0.8705751299858093,904.0,904.0,50.0,6.275334358215332,25.597715377807617,3.0883054733276367,0.405350923538208,1.3074277639389038,1.0670464038848877,0.43478262424468994,46.0,46.0,30.0,19.13348388671875,18.531328201293945,2.0494375228881836,0.4152175486087799,0.10559059679508209,0.10559061169624329,0.9568750858306885,8417.091796875,0.42085458984375,2.1427254676818848,33.20150375366211,5.695494651794434,0.4547256827354431
7,299,0.09136418998241425,0.08656156063079834,0.9616872668266296,2845.0,2845.0,50.0,1.9327054023742676,33.33503723144531,5.77898645401001,0.45844370126724243,0.018618565052747726,0.015715081244707108,0.9951202869415283,2664.0,2664.0,50.0,0.5209783911705017,35.95326614379883,6.666804790496826,0.4679037034511566,0.3207267224788666,0.3053485155105591,0.8646083474159241,842.0,842.0,50.0,6.350193500518799,25.356748580932617,3.0037944316864014,0.40392959117889404,1.2149325609207153,1.3747583627700806,0.4285714328289032,49.0,49.0,31.0,19.02187156677246,15.815977096557617,1.9700640439987183,0.4228106141090393,0.09986165165901184,0.09986165165901184,0.9587501287460327,8417.009765625,0.42085048828125005,2.057088851928711,33.2411003112793,5.754267692565918,0.4549366235733032
7,349,0.08950565755367279,0.11391662806272507,0.9616760611534119,2792.0,2792.0,50.0,1.8367811441421509,33.593406677246094,5.88120698928833,0.45955246686935425,0.017181096598505974,0.0194185059517622,0.9965569376945496,2614.0,2614.0,50.0,0.4817231297492981,36.09384536743164,6.751323223114014,0.46828317642211914,0.3219718337059021,0.31064099073410034,0.8716863989830017,943.0,943.0,50.0,6.167313575744629,25.790687561035156,3.0554964542388916,0.4058517813682556,1.5029970407485962,1.8606033325195312,0.43137258291244507,51.0,51.0,27.0,19.316757202148438,21.010005950927734,2.356374740600586,0.4251099228858948,0.10548179596662521,0.10548179596662521,0.958437442779541,8416.9267578125,0.42084633789062503,2.060695171356201,33.364723205566406,5.792155742645264,0.45493149757385254
7,399,0.08459877967834473,0.08239156007766724,0.9648875594139099,2848.0,2848.0,50.0,1.7882555723190308,33.58637619018555,5.878910064697266,0.459405779838562,0.01673162542283535,0.02061719261109829,0.9957544803619385,2591.0,2591.0,50.0,0.48375192284584045,36.01347351074219,6.709765911102295,0.46782374382019043,0.30461645126342773,0.3607930541038513,0.8730685114860535,906.0,906.0,50.0,6.006765842437744,26.17814064025879,3.137010335922241,0.40563446283340454,1.3932291269302368,1.3647643327713013,0.4363636374473572,55.0,55.0,33.0,20.189516067504883,18.19524383544922,2.0932180881500244,0.4271995425224304,0.09951550513505936,0.09951548278331757,0.9598437547683716,8416.8466796875,0.42084233398437504,2.0154542922973633,33.387977600097656,5.794593334197998,0.45492494106292725
7,449,0.08962330967187881,0.10673247277736664,0.9632012248039246,2799.0,2799.0,50.0,1.891607403755188,33.36841583251953,5.794954776763916,0.45860013365745544,0.018491152673959732,0.01917947083711624,0.9946810007095337,2632.0,2632.0,50.0,0.5228611826896667,36.00746536254883,6.734333515167236,0.46850693225860596,0.29908865690231323,0.28365984559059143,0.8744542598724365,916.0,916.0,50.0,6.065113067626953,25.66797637939453,3.063753128051758,0.4056794047355652,1.0826414823532104,1.0184507369995117,0.49056604504585266,53.0,53.0,31.0,17.87919807434082,17.40926170349121,2.036898612976074,0.4298417568206787,0.09857338666915894,0.09857337176799774,0.9595314264297485,8416.7607421875,0.420838037109375,2.058440685272217,33.21943664550781,5.759249687194824,0.4548618793487549
7,499,0.08688805997371674,0.09745742380619049,0.9627394676208496,2818.0,2818.0,50.0,1.8592517375946045,33.27262878417969,5.773183345794678,0.45753201842308044,0.018314752727746964,0.016215117648243904,0.9954869747161865,2659.0,2659.0,50.0,0.49269893765449524,35.9824333190918,6.657261848449707,0.4673345386981964,0.31108522415161133,0.3160457909107208,0.8657406568527222,864.0,864.0,50.0,6.141488075256348,26.22300910949707,3.1195809841156006,0.40946289896965027,1.5712257623672485,2.058030843734741,0.40677961707115173,59.0,59.0,35.0,20.292402267456055,20.099044799804688,2.3466780185699463,0.4246441721916199,0.10234835743904114,0.10234834998846054,0.9581249952316284,8416.681640625,0.42083408203125,2.0395243167877197,33.32532501220703,5.750665664672852,0.45481210947036743
7,549,0.08828885108232498,0.09414251148700714,0.9598730802536011,2841.0,2841.0,50.0,1.896600604057312,33.346031188964844,5.821008205413818,0.4578765630722046,0.018000202253460884,0.017534442245960236,0.9958443641662598,2647.0,2647.0,50.0,0.5058066844940186,36.01380157470703,6.666993618011475,0.4678495526313782,0.3200785517692566,0.2834628224372864,0.8596288561820984,862.0,862.0,50.0,6.202446460723877,26.4827880859375,3.1873035430908203,0.40604352951049805,1.5780211687088013,1.9046729803085327,0.4200000464916229,50.0,50.0,28.0,19.25656509399414,21.305217742919922,2.4888579845428467,0.42180395126342773,0.10207562893629074,0.10207562148571014,0.9570311307907104,8416.595703125,0.42082978515625,2.036945343017578,33.430938720703125,5.790143013000488,0.45473822951316833
7,599,0.0859520435333252,0.0912628173828125,0.9635529518127441,2826.0,2826.0,50.0,1.8376652002334595,33.42694854736328,5.826394081115723,0.45766839385032654,0.020208241418004036,0.019819386303424835,0.9947289824485779,2656.0,2656.0,50.0,0.5525348782539368,35.932708740234375,6.766222953796387,0.4679809510707855,0.30742892622947693,0.25441861152648926,0.8739882111549377,865.0,865.0,50.0,6.262123107910156,25.444171905517578,3.032367467880249,0.40723106265068054,1.2494927644729614,1.1577891111373901,0.43396228551864624,53.0,53.0,33.0,18.070425033569336,18.22707176208496,2.116690158843994,0.4201609790325165,0.09823793917894363,0.09823791682720184,0.9600000977516174,8416.5126953125,0.420825634765625,2.036756753921509,33.26204299926758,5.808072090148926,0.45482057332992554
7,649,0.07293707132339478,0.05749277025461197,0.9712280035018921,2850.0,2850.0,50.0,1.5654199123382568,33.84104919433594,5.969881534576416,0.45946744084358215,0.019753150641918182,0.02370508387684822,0.9937865138053894,2575.0,2575.0,50.0,0.520955502986908,35.99390411376953,6.806445121765137,0.46723973751068115,0.3178079128265381,0.3273957073688507,0.8617708683013916,926.0,926.0,50.0,6.497296333312988,25.236343383789062,2.9948580265045166,0.4086083471775055,1.1683510541915894,1.0157619714736938,0.5102040767669678,49.0,49.0,35.0,17.330224990844727,17.106460571289062,2.107909679412842,0.4148777723312378,0.09535537660121918,0.09535536915063858,0.9609375,8416.4326171875,0.420821630859375,1.979466438293457,33.3341178894043,5.8464508056640625,0.4548945426940918
7,699,0.09109243005514145,0.09082409739494324,0.9622840285301208,2837.0,2837.0,50.0,1.9124685525894165,33.41197967529297,5.833268642425537,0.45960724353790283,0.015596945770084858,0.013897950761020184,0.9969534873962402,2626.0,2626.0,50.0,0.44528689980506897,35.989986419677734,6.76733922958374,0.4664789140224457,0.2796606123447418,0.2618800699710846,0.8856173753738403,883.0,883.0,50.0,5.6177897453308105,26.677648544311523,3.219304323196411,0.40693390369415283,1.632127285003662,1.5761445760726929,0.37037038803100586,54.0,54.0,33.0,20.632307052612305,18.073307037353516,2.284929037094116,0.4169464409351349,0.09913468360900879,0.09913469105958939,0.9609375,8416.3515625,0.42081757812500004,1.9796327352523804,33.41122055053711,5.825944900512695,0.4547995626926422
7,749,0.10066995024681091,0.10758962482213974,0.9585800170898438,2873.0,2873.0,50.0,2.0512893199920654,33.16183090209961,5.828950881958008,0.4577886760234833,0.017894968390464783,0.0134102962911129,0.9946727752685547,2628.0,2628.0,50.0,0.4974837899208069,36.04473876953125,6.805070877075195,0.4678145945072174,0.3114193379878998,0.28834033012390137,0.8638496994972229,852.0,852.0,50.0,6.180172443389893,25.845439910888672,3.104224920272827,0.4064291715621948,1.4680323600769043,1.5803306102752686,0.40425533056259155,47.0,47.0,32.0,19.788373947143555,21.038795471191406,2.2875101566314697,0.42117536067962646,0.10477803647518158,0.10477805882692337,0.9567188024520874,8416.2666015625,0.42081333007812505,2.093172073364258,33.28260040283203,5.841033935546875,0.45479947328567505
7,799,0.08743126690387726,0.09372039884328842,0.9629355669021606,2698.0,2698.0,50.0,1.809083342552185,33.62031936645508,5.92803955078125,0.45901036262512207,0.01298556849360466,0.011857585050165653,0.9981335997581482,2679.0,2679.0,50.0,0.38985881209373474,36.2908821105957,6.91577672958374,0.46934229135513306,0.35055747628211975,0.2946242690086365,0.8450415134429932,968.0,968.0,50.0,6.866129398345947,25.13489532470703,2.9992847442626953,0.40488290786743164,1.4494105577468872,1.3464643955230713,0.41818177700042725,55.0,55.0,29.0,19.226898193359375,18.09549903869629,2.2298028469085693,0.4184633195400238,0.1077711209654808,0.10777110606431961,0.9551563262939453,8416.1806640625,0.420809033203125,2.1295673847198486,33.32136535644531,5.866744518280029,0.454800009727478
7,849,0.09246206283569336,0.08503478765487671,0.965406596660614,2804.0,2804.0,50.0,1.9416921138763428,33.27642059326172,5.778499603271484,0.4581548869609833,0.018404725939035416,0.011184180155396461,0.9943159818649292,2639.0,2639.0,50.0,0.48207494616508484,36.2068977355957,6.73663854598999,0.46914342045783997,0.27313879132270813,0.25660738348960876,0.8924259543418884,911.0,911.0,50.0,5.616005897521973,26.181053161621094,3.1768288612365723,0.4036976099014282,1.6347484588623047,1.8294273614883423,0.3478260934352875,46.0,46.0,26.0,20.9951229095459,19.564163208007812,2.326711893081665,0.4253882169723511,0.09872838854789734,0.09872837364673615,0.9624999761581421,8416.099609375,0.42080498046875003,1.9997901916503906,33.376243591308594,5.778440475463867,0.4546988010406494
7,899,0.09764833003282547,0.10645676404237747,0.957980215549469,2832.0,2832.0,50.0,1.9112340211868286,33.56390380859375,5.82512092590332,0.4589780867099762,0.020891645923256874,0.015298536978662014,0.9933542013168335,2558.0,2558.0,50.0,0.5532292723655701,36.085289001464844,6.704494476318359,0.4695819914340973,0.3327313959598541,0.2570100724697113,0.8583507537841797,946.0,946.0,50.0,6.538133144378662,25.3167667388916,3.0792105197906494,0.40450194478034973,1.3291995525360107,1.13499116897583,0.421875,64.0,64.0,36.0,19.054790496826172,17.4488525390625,2.1323535442352295,0.416094034910202,0.11403337866067886,0.11403337121009827,0.9520311951637268,8416.013671875,0.42080068359375,2.2238054275512695,33.191490173339844,5.733787536621094,0.45473524928092957
7,949,0.10177004337310791,0.08826417475938797,0.955981433391571,2817.0,2817.0,50.0,2.034231662750244,33.304805755615234,5.773931503295898,0.45817482471466064,0.018888229504227638,0.017879582941532135,0.9935483932495117,2635.0,2635.0,50.0,0.5065946578979492,36.1093864440918,6.753203868865967,0.4683215022087097,0.2724226713180542,0.26313042640686035,0.8922559022903442,891.0,891.0,50.0,5.686975955963135,25.727968215942383,3.0800251960754395,0.40406396985054016,1.2633634805679321,1.0006896257400513,0.5087718963623047,57.0,57.0,36.0,17.64496612548828,19.106245040893555,2.2185096740722656,0.42708978056907654,0.10174955427646637,0.10174953192472458,0.9585937261581421,8415.93359375,0.4207966796875,2.0528385639190674,33.27821350097656,5.770408630371094,0.4545423090457916
7,999,0.08903495222330093,0.09180156886577606,0.962020754814148,2791.0,2791.0,50.0,1.9104875326156616,33.33890914916992,5.843761444091797,0.459308922290802,0.017907477915287018,0.01922672428190708,0.9962855577468872,2692.0,2692.0,50.0,0.5068439841270447,35.901123046875,6.742549419403076,0.4672217071056366,0.35138779878616333,0.28859028220176697,0.8535178899765015,867.0,867.0,50.0,6.610793590545654,25.424575805664062,3.062147855758667,0.4028649926185608,1.292806625366211,1.4813530445098877,0.3799999952316284,50.0,50.0,32.0,19.175132751464844,19.397432327270508,2.1662211418151855,0.41744929552078247,0.1040620431303978,0.1040620356798172,0.9571876525878906,8415.8486328125,0.420792431640625,2.0917046070098877,33.23558044433594,5.8162617683410645,0.45466381311416626
7,1049,0.09318921715021133,0.08215431869029999,0.9581429958343506,2843.0,2843.0,50.0,1.8841807842254639,33.495086669921875,5.903134346008301,0.45845016837120056,0.016456084325909615,0.013288812711834908,0.995729923248291,2576.0,2576.0,50.0,0.4421783685684204,36.265769958496094,6.868963241577148,0.4692040681838989,0.31639713048934937,0.3356311321258545,0.8622176051139832,929.0,929.0,50.0,6.382234573364258,25.459823608398438,3.028320550918579,0.40563100576400757,1.438424825668335,1.345351219177246,0.34615379571914673,52.0,52.0,35.0,19.888408660888672,19.82061767578125,2.1671645641326904,0.4077680706977844,0.10563419759273529,0.10563419759273529,0.954375147819519,8415.765625,0.42078828125,2.1029796600341797,33.33281326293945,5.844228744506836,0.4546997547149658
7,1099,0.09312590211629868,0.11368376761674881,0.9629089832305908,2750.0,2750.0,50.0,1.8898637294769287,33.49858093261719,5.7996745109558105,0.4595566391944885,0.019678870216012,0.02607111632823944,0.993946373462677,2643.0,2643.0,50.0,0.5212804675102234,36.09510803222656,6.750736713409424,0.46896353363990784,0.30014821887016296,0.23094332218170166,0.8864351511001587,951.0,951.0,50.0,5.995480060577393,25.536561965942383,3.120958089828491,0.40240973234176636,1.423749566078186,1.1200599670410156,0.4285714626312256,56.0,56.0,34.0,19.03617286682129,17.762224197387695,2.233518600463867,0.42550933361053467,0.10519973933696747,0.10519975423812866,0.9596874713897705,8415.681640625,0.42078408203125,2.084780693054199,33.25006866455078,5.76318883895874,0.4546518325805664
7,1149,0.10284683853387833,0.0991775318980217,0.9579862952232361,2880.0,2880.0,50.0,1.991062879562378,33.43247604370117,5.784252643585205,0.4579877555370331,0.01603185012936592,0.012286771088838577,0.9965724945068359,2626.0,2626.0,50.0,0.4623337984085083,36.0806999206543,6.783433437347412,0.4687649607658386,0.2645968794822693,0.2650212049484253,0.8953626155853271,841.0,841.0,50.0,5.478076934814453,26.31040382385254,3.1577837467193604,0.4018512964248657,1.551436185836792,1.2583562135696411,0.3396226763725281,53.0,53.0,34.0,21.939430236816406,18.851425170898438,2.1683402061462402,0.42325955629348755,0.10047665983438492,0.10047665983438492,0.9604687094688416,8415.6005859375,0.420780029296875,1.9872190952301025,33.462440490722656,5.819149971008301,0.45474547147750854
7,1199,0.08279135823249817,0.09729874134063721,0.9665948152542114,2784.0,2784.0,50.0,1.7107869386672974,33.673709869384766,5.930291175842285,0.45900610089302063,0.013634005561470985,0.018407493829727173,0.9969661235809326,2637.0,2637.0,50.0,0.3907483220100403,36.26422119140625,6.820005893707275,0.46907785534858704,0.3060488998889923,0.2474498152732849,0.8783929944038391,921.0,921.0,50.0,6.037128925323486,25.69379997253418,3.0620648860931396,0.4021592140197754,1.4145416021347046,1.3513562679290771,0.29310342669487,58.0,58.0,32.0,20.09168815612793,17.878150939941406,2.1236343383789062,0.413569837808609,0.09849350154399872,0.09849351644515991,0.9603124856948853,8415.517578125,0.42077587890625,1.956054449081421,33.44957733154297,5.84962797164917,0.45456358790397644
7,1249,0.09007032215595245,0.09120015799999237,0.9619662761688232,2787.0,2787.0,50.0,1.898684024810791,33.427398681640625,5.901801586151123,0.45945319533348083,0.019552024081349373,0.013734210282564163,0.9954922199249268,2662.0,2662.0,50.0,0.5084927678108215,35.9976921081543,6.728119850158691,0.4675654470920563,0.29532331228256226,0.3031959533691406,0.879464328289032,896.0,896.0,50.0,6.123610019683838,25.35177993774414,3.025719404220581,0.4038720428943634,1.4719218015670776,1.9282790422439575,0.3636363744735718,55.0,55.0,35.0,20.440444946289062,18.831811904907227,2.1734278202056885,0.42030519247055054,0.101349838078022,0.10134982317686081,0.9592188596725464,8415.4345703125,0.420771728515625,2.071284294128418,33.24046325683594,5.8108062744140625,0.45470958948135376
7,1271,0.09155325591564178,0.1046270877122879,0.9622642993927002,1219.0,1219.0,22.0,1.9178087711334229,33.17827224731445,5.740403652191162,0.4572977125644684,0.024554992094635963,0.019251657649874687,0.9939706921577454,1161.0,1161.0,22.0,0.576103687286377,35.93534851074219,6.672436714172363,0.4673880338668823,0.3188813626766205,0.2873988747596741,0.8767122626304626,365.0,365.0,22.0,6.3086700439453125,25.54450225830078,3.08811616897583,0.4068317115306854,1.4456751346588135,1.4226899147033691,0.4000000059604645,25.0,25.0,15.0,19.212034225463867,16.724462509155273,2.302682399749756,0.42118656635284424,0.10547709465026855,0.10564814507961273,0.9592058658599854,8415.396484375,0.42076982421875003,2.0901193618774414,33.17946243286133,5.750534534454346,0.45455116033554077
8,49,0.09027349203824997,0.09680807590484619,0.9592697620391846,2848.0,2848.0,50.0,1.859050989151001,33.54800796508789,5.956130027770996,0.4599253535270691,0.01709720492362976,0.01705503650009632,0.9949942827224731,2597.0,2597.0,50.0,0.4628104567527771,36.10797119140625,6.747503757476807,0.4681093692779541,0.28353890776634216,0.30565279722213745,0.8812991976737976,893.0,893.0,50.0,5.8552117347717285,25.639324188232422,3.070052146911621,0.4018738567829132,1.3450103998184204,1.1953895092010498,0.4516128897666931,62.0,62.0,34.0,18.793474197387695,17.69317626953125,2.136404275894165,0.41141149401664734,0.09970174729824066,0.09970174729824066,0.9579688310623169,8415.31640625,0.42076582031250004,2.0141241550445557,33.32969284057617,5.837553024291992,0.4546763300895691
8,99,0.08241192996501923,0.08333364874124527,0.9643875360488892,2808.0,2808.0,50.0,1.7473820447921753,33.546669006347656,5.925267696380615,0.4592357277870178,0.014800343662500381,0.012814320623874664,0.9977229237556458,2635.0,2635.0,50.0,0.44328758120536804,36.12242889404297,6.7990617752075195,0.46861496567726135,0.31200870871543884,0.24896588921546936,0.8732084631919861,907.0,907.0,50.0,5.958983898162842,26.02743148803711,3.134143829345703,0.4023316204547882,1.251893401145935,1.654775619506836,0.48000001907348633,50.0,50.0,31.0,17.530529022216797,19.09626007080078,2.2356479167938232,0.4180898368358612,0.09624972939491272,0.09624971449375153,0.9614062905311584,8415.2314453125,0.420761572265625,1.9306306838989258,33.42864990234375,5.860645294189453,0.4547114968299866
8,149,0.09425213187932968,0.10251156240701675,0.9570379257202148,2863.0,2863.0,50.0,1.9457277059555054,33.402992248535156,5.87072229385376,0.45932090282440186,0.019032932817935944,0.017151176929473877,0.9945924282073975,2589.0,2589.0,50.0,0.53961580991745,35.920249938964844,6.790189266204834,0.4677892029285431,0.30259931087493896,0.2999275326728821,0.8668146133422852,901.0,901.0,50.0,6.065485000610352,25.755643844604492,3.140292167663574,0.40300774574279785,1.1101899147033691,0.9876020550727844,0.5106382966041565,47.0,47.0,31.0,17.34847068786621,16.884733200073242,2.0722978115081787,0.4153751730918884,0.10061576962471008,0.10061578452587128,0.9562498927116394,8415.150390625,0.42075751953125,2.07000994682312,33.223392486572266,5.830387115478516,0.45449602603912354
8,199,0.07924681901931763,0.07048643380403519,0.9654545783996582,2750.0,2750.0,50.0,1.7045851945877075,33.59630584716797,5.999242305755615,0.45988738536834717,0.020332027226686478,0.02118370495736599,0.9936304688453674,2669.0,2669.0,50.0,0.5490857362747192,35.96172332763672,6.8256988525390625,0.46803945302963257,0.30904996395111084,0.29969820380210876,0.866957426071167,917.0,917.0,50.0,6.292222023010254,25.407320022583008,3.044043779373169,0.40236297249794006,1.2688243389129639,1.549768090248108,0.5000001192092896,64.0,64.0,33.0,18.19904136657715,16.67887306213379,2.1320016384124756,0.41387197375297546,0.09949978440999985,0.09949976205825806,0.958437442779541,8415.06640625,0.4207533203125,2.0449726581573486,33.240257263183594,5.881803512573242,0.4545847177505493
8,249,0.09391359984874725,0.092047318816185,0.959079384803772,2737.0,2737.0,50.0,1.972220778465271,33.356178283691406,5.868978977203369,0.4593324363231659,0.018225092440843582,0.01853075437247753,0.9955258369445801,2682.0,2682.0,50.0,0.4879322946071625,36.051551818847656,6.821690559387207,0.4680132269859314,0.27454549074172974,0.21484394371509552,0.8861171007156372,922.0,922.0,50.0,5.7802414894104,25.65673828125,3.1571223735809326,0.4036833345890045,1.21455717086792,1.3502222299575806,0.4745762348175049,59.0,59.0,40.0,18.36580467224121,17.87578582763672,2.1053061485290527,0.4204554855823517,0.09854862838983536,0.09854859858751297,0.9593751430511475,8414.9853515625,0.42074926757812503,2.0499324798583984,33.23379898071289,5.842851638793945,0.4545949101448059
8,299,0.09114524722099304,0.08687832206487656,0.9593871235847473,2807.0,2807.0,50.0,1.9594569206237793,33.28318786621094,5.841464042663574,0.4584122896194458,0.0196255873888731,0.018019353970885277,0.9962179660797119,2644.0,2644.0,50.0,0.5177391767501831,36.02912902832031,6.807022571563721,0.46819862723350525,0.3075287342071533,0.303803950548172,0.8880090117454529,884.0,884.0,50.0,5.9896769523620605,25.67789649963379,3.093942642211914,0.4037964344024658,1.6840726137161255,1.4096325635910034,0.4461538791656494,65.0,65.0,34.0,20.061267852783203,20.28752899169922,2.478299856185913,0.42423778772354126,0.10766482353210449,0.10766483098268509,0.9595312476158142,8414.9033203125,0.420745166015625,2.104367971420288,33.235137939453125,5.826702117919922,0.4545643925666809
8,349,0.0920667052268982,0.10019712150096893,0.9609178900718689,2789.0,2789.0,50.0,1.862600564956665,33.56443405151367,5.947796821594238,0.45963677763938904,0.016642145812511444,0.015770256519317627,0.9958444833755493,2647.0,2647.0,50.0,0.45754167437553406,36.04384231567383,6.843786239624023,0.46719449758529663,0.28542354702949524,0.25031548738479614,0.8737759590148926,919.0,919.0,50.0,6.055801868438721,25.431533813476562,3.035351037979126,0.40382739901542664,1.340295672416687,1.4716291427612305,0.35555559396743774,45.0,45.0,31.0,19.717782974243164,17.70380401611328,2.064168930053711,0.41917717456817627,0.09741302579641342,0.09741301834583282,0.9585938453674316,8414.822265625,0.42074111328125,2.009138584136963,33.310546875,5.872856616973877,0.45446425676345825
8,399,0.08931051939725876,0.08535061776638031,0.9609889984130859,2871.0,2871.0,50.0,1.8781100511550903,33.521324157714844,5.959727764129639,0.4588010609149933,0.019141849130392075,0.019989890977740288,0.9954075813293457,2613.0,2613.0,50.0,0.49907761812210083,36.02779769897461,6.82726526260376,0.4675622284412384,0.3475039303302765,0.40677112340927124,0.8646442294120789,857.0,857.0,50.0,6.501957416534424,25.39776611328125,3.0892865657806396,0.40385180711746216,1.3487215042114258,1.5251396894454956,0.3728814423084259,59.0,59.0,37.0,19.176570892333984,18.655376434326172,2.162362813949585,0.4154810607433319,0.10684586316347122,0.10684587061405182,0.9567185640335083,8414.7373046875,0.42073686523437503,2.0937089920043945,33.319828033447266,5.89454984664917,0.4546206593513489
8,449,0.08911223709583282,0.1041809469461441,0.959714949131012,2805.0,2805.0,50.0,1.845878005027771,33.6234016418457,5.970041751861572,0.46021443605422974,0.017362697049975395,0.019630543887615204,0.995850682258606,2651.0,2651.0,50.0,0.4936070740222931,35.86857604980469,6.704771518707275,0.4665322005748749,0.30971935391426086,0.23219357430934906,0.8829430937767029,897.0,897.0,50.0,6.0237507820129395,25.868682861328125,3.0997421741485596,0.4044859707355499,1.3232110738754272,1.1835447549819946,0.40425530076026917,47.0,47.0,30.0,18.757301330566406,18.14421844482422,2.1507153511047363,0.41375449299812317,0.09937463700771332,0.09937461465597153,0.9598438739776611,8414.654296875,0.42073271484375,1.995490312576294,33.352848052978516,5.84404182434082,0.4546794891357422
8,499,0.09259459376335144,0.0763365849852562,0.9604701399803162,2808.0,2808.0,50.0,1.8849899768829346,33.48041534423828,5.934967041015625,0.4584508240222931,0.014913992024958134,0.016185779124498367,0.9969947338104248,2662.0,2662.0,50.0,0.42938509583473206,36.121070861816406,6.835873126983643,0.46826523542404175,0.3035726845264435,0.28119584918022156,0.8810872435569763,883.0,883.0,50.0,6.191955089569092,25.2635440826416,3.0795705318450928,0.4029556214809418,1.5415267944335938,1.1239293813705444,0.3617021441459656,47.0,47.0,30.0,20.228713989257812,18.6470947265625,2.2285871505737305,0.4088262915611267,0.10003329813480377,0.10003329813480377,0.9603124856948853,8414.5712890625,0.420728564453125,2.0084877014160156,33.336158752441406,5.888513565063477,0.45451197028160095
8,549,0.09210029244422913,0.09751473367214203,0.9615947008132935,2734.0,2734.0,50.0,1.8747318983078003,33.43965148925781,5.957976341247559,0.458607017993927,0.014714687131345272,0.012409806251525879,0.9970371127128601,2700.0,2700.0,50.0,0.4284321069717407,36.061851501464844,6.8607258796691895,0.4681547284126282,0.28774335980415344,0.2655189633369446,0.8824175000190735,910.0,910.0,50.0,6.056106090545654,25.355422973632812,2.9718117713928223,0.4043382406234741,1.4795029163360596,1.357143759727478,0.37500008940696716,56.0,56.0,38.0,19.910308837890625,18.6009464263916,2.1853628158569336,0.41615355014801025,0.0994110107421875,0.0994110181927681,0.9601563215255737,8414.486328125,0.42072431640625,2.0169246196746826,33.26657485961914,5.881217956542969,0.4545471668243408
8,599,0.0816272497177124,0.0750003308057785,0.9646233320236206,2855.0,2855.0,50.0,1.754221796989441,33.4174690246582,5.9192352294921875,0.4582304358482361,0.01636216603219509,0.01286040898412466,0.9953416585922241,2576.0,2576.0,50.0,0.46552029252052307,36.165164947509766,6.874510765075684,0.46921414136886597,0.3195036053657532,0.3135377764701843,0.8643881678581238,907.0,907.0,50.0,6.424564361572266,25.065948486328125,3.0371546745300293,0.4039284884929657,1.3492457866668701,1.4115804433822632,0.3870968222618103,62.0,62.0,34.0,19.35987663269043,18.393739700317383,2.1295320987701416,0.40980178117752075,0.10134965926408768,0.10134964436292648,0.9571874737739563,8414.40625,0.4207203125,2.0679492950439453,33.194305419921875,5.858575820922852,0.454486608505249
8,649,0.10490422695875168,0.09987027943134308,0.9553541541099548,2867.0,2867.0,50.0,2.084810733795166,33.34843063354492,5.853687763214111,0.4595068097114563,0.016687268391251564,0.01789264567196369,0.9961150288581848,2574.0,2574.0,50.0,0.4730761647224426,36.01783752441406,6.75690221786499,0.46762070059776306,0.2951398491859436,0.2769942581653595,0.8637873530387878,903.0,903.0,50.0,6.041255474090576,25.634986877441406,3.0871503353118896,0.4041152894496918,1.431762933731079,1.4057053327560425,0.4285714030265808,56.0,56.0,33.0,20.10724449157715,19.01543426513672,2.2042899131774902,0.4264642894268036,0.10787554085254669,0.10787554085254669,0.9542188048362732,8414.3212890625,0.42071606445312504,2.152517080307007,33.20829772949219,5.794675827026367,0.4546656012535095
8,699,0.08894816040992737,0.07957065850496292,0.9615787267684937,2863.0,2863.0,50.0,1.837051272392273,33.48940658569336,5.9681267738342285,0.4599910378456116,0.01808742620050907,0.012216084636747837,0.9953087568283081,2558.0,2558.0,50.0,0.4715956747531891,36.06462097167969,6.8402533531188965,0.4673578441143036,0.3080204725265503,0.35192665457725525,0.8770226240158081,927.0,927.0,50.0,6.1725335121154785,25.231019973754883,3.0663366317749023,0.4042064845561981,1.273983359336853,1.3744027614593506,0.442307710647583,52.0,52.0,29.0,18.55263328552246,17.33794403076172,2.072509765625,0.42195066809654236,0.10198570042848587,0.10198567807674408,0.9585937261581421,8414.240234375,0.42071201171875,2.055077314376831,33.191280364990234,5.864746570587158,0.45454633235931396
8,749,0.0938282310962677,0.08847956359386444,0.9610758423805237,2826.0,2826.0,50.0,1.87096107006073,33.554840087890625,5.922595500946045,0.4590862989425659,0.01791168935596943,0.015338081866502762,0.9969707727432251,2641.0,2641.0,50.0,0.4840066432952881,35.983253479003906,6.760040283203125,0.46745938062667847,0.3081359267234802,0.2971426546573639,0.8730157017707825,882.0,882.0,50.0,6.016971111297607,25.660547256469727,3.164924383163452,0.40243014693260193,1.3247064352035522,1.631052017211914,0.4313725531101227,51.0,51.0,31.0,19.159730911254883,17.631235122680664,2.165858507156372,0.4229107201099396,0.10184366255998611,0.10184364020824432,0.9595311880111694,8414.158203125,0.42070791015625003,2.00776743888855,33.34211730957031,5.858194351196289,0.4544453024864197
8,799,0.08319523930549622,0.08305937051773071,0.966829776763916,2864.0,2864.0,50.0,1.7261250019073486,33.539215087890625,5.881270408630371,0.4584163725376129,0.015315026044845581,0.012268241494894028,0.9965102076530457,2579.0,2579.0,50.0,0.4200759828090668,36.237274169921875,6.834815979003906,0.46911749243736267,0.29995906352996826,0.2657814621925354,0.8803130984306335,894.0,894.0,50.0,5.873595714569092,25.930978775024414,3.1730377674102783,0.4019206464290619,1.3364365100860596,1.167092204093933,0.4761905074119568,63.0,63.0,38.0,18.424922943115234,19.872432708740234,2.24542498588562,0.42304059863090515,0.09845741838216782,0.09845741838216782,0.9618750810623169,8414.072265625,0.42070361328125,1.9435566663742065,33.42913818359375,5.8514227867126465,0.4544886350631714
8,849,0.08685626834630966,0.08023285120725632,0.9607774019241333,2830.0,2830.0,50.0,1.8064557313919067,33.566314697265625,5.898651599884033,0.4594978392124176,0.019200311973690987,0.018134966492652893,0.9946421384811401,2613.0,2613.0,50.0,0.5344260931015015,35.95866012573242,6.735840797424316,0.46821001172065735,0.31543833017349243,0.29175660014152527,0.8829901814460754,923.0,923.0,50.0,5.872330665588379,25.837038040161133,3.128185987472534,0.4012286067008972,1.3212980031967163,1.1497999429702759,0.44117650389671326,34.0,34.0,26.0,17.607608795166016,17.933895111083984,2.15669584274292,0.4129182994365692,0.09875737875699997,0.09875739365816116,0.9606249332427979,8413.990234375,0.42069951171875003,1.9574289321899414,33.34531021118164,5.821027755737305,0.4544038772583008
8,899,0.0907263457775116,0.09639974683523178,0.9603713750839233,2801.0,2801.0,50.0,1.9257055521011353,33.27983474731445,5.851687431335449,0.4580511152744293,0.01968166045844555,0.01638203114271164,0.993916392326355,2630.0,2630.0,50.0,0.5016720294952393,36.24773025512695,6.815211772918701,0.46992453932762146,0.30557990074157715,0.2555468678474426,0.8692306876182556,910.0,910.0,50.0,6.008851528167725,25.690919876098633,3.1478121280670166,0.4006514847278595,1.2551380395889282,1.0777654647827148,0.47457626461982727,59.0,59.0,34.0,18.959505081176758,16.95487403869629,2.019040822982788,0.4182588458061218,0.10281530022621155,0.10281533747911453,0.9567188024520874,8413.90625,0.42069531250000003,2.0781195163726807,33.2699089050293,5.827846527099609,0.45440202951431274
8,949,0.09035490453243256,0.08088894188404083,0.9628320336341858,2825.0,2825.0,50.0,1.8930295705795288,33.31951141357422,5.939802646636963,0.4586251676082611,0.016809072345495224,0.015836579725146294,0.9958254098892212,2635.0,2635.0,50.0,0.46561795473098755,36.12809371948242,6.8747687339782715,0.4687280058860779,0.2878449559211731,0.2647545337677002,0.8853574991226196,881.0,881.0,50.0,6.00675106048584,24.93475341796875,3.0477826595306396,0.4011912941932678,1.4488872289657593,1.4871231317520142,0.3898305892944336,59.0,59.0,38.0,20.171571731567383,17.93621826171875,2.146200180053711,0.41432619094848633,0.09978439658880234,0.09978441148996353,0.9604687690734863,8413.8251953125,0.42069125976562505,2.0401222705841064,33.17982864379883,5.891668796539307,0.454470157623291
8,999,0.09456480294466019,0.09525097161531448,0.9595666527748108,2770.0,2770.0,50.0,1.8957823514938354,33.53832244873047,5.908356666564941,0.45874786376953125,0.01710297167301178,0.015123022720217705,0.9966179728507996,2661.0,2661.0,50.0,0.46588820219039917,36.20545959472656,6.89369535446167,0.4697001278400421,0.3122318685054779,0.2849035859107971,0.8726877570152283,919.0,919.0,50.0,6.004079818725586,25.329242706298828,3.0959038734436035,0.3990790545940399,1.303433895111084,1.366560459136963,0.4399999678134918,50.0,50.0,30.0,18.266456604003906,15.554840087890625,2.1081113815307617,0.4173375070095062,0.10305753350257874,0.10305754840373993,0.9584375619888306,8413.740234375,0.42068701171875,2.019080877304077,33.327999114990234,5.884502410888672,0.45441004633903503
8,1049,0.08200743794441223,0.08242685347795486,0.9672545194625854,2779.0,2779.0,50.0,1.7302309274673462,33.598541259765625,5.954183101654053,0.45971381664276123,0.019643019884824753,0.019423307850956917,0.9951220154762268,2665.0,2665.0,50.0,0.5414856672286987,35.95734405517578,6.8096818923950195,0.46802815794944763,0.2936793267726898,0.22107209265232086,0.8853005766868591,898.0,898.0,50.0,5.856663703918457,25.856908798217773,3.135061025619507,0.40023744106292725,1.3785089254379272,1.281273603439331,0.37931033968925476,58.0,58.0,38.0,19.670251846313477,18.781282424926758,2.174973964691162,0.42397287487983704,0.09748826920986176,0.09748825430870056,0.9620312452316284,8413.6611328125,0.420683056640625,1.9768015146255493,33.360233306884766,5.880611419677734,0.4545067548751831
8,1099,0.08448490500450134,0.07629895210266113,0.9628738164901733,2909.0,2909.0,50.0,1.8136413097381592,33.34233093261719,5.9137115478515625,0.4573497474193573,0.01853148825466633,0.016317419707775116,0.9945716261863708,2579.0,2579.0,50.0,0.49248969554901123,36.1508903503418,6.8470892906188965,0.4695681631565094,0.31975167989730835,0.26451775431632996,0.8747073411941528,854.0,854.0,50.0,6.067166805267334,25.643264770507812,3.096024990081787,0.40119674801826477,1.0876855850219727,1.1546679735183716,0.46551713347435,58.0,58.0,35.0,17.73050308227539,17.780210494995117,2.043816089630127,0.425082802772522,0.09839262813329697,0.09839265048503876,0.9593750238418579,8413.578125,0.42067890625000004,1.9930849075317383,33.30571746826172,5.878777503967285,0.45448803901672363
8,1149,0.07893332093954086,0.07342956960201263,0.965319812297821,2797.0,2797.0,50.0,1.7203874588012695,33.5677490234375,5.991776943206787,0.45925354957580566,0.01709946058690548,0.020547952502965927,0.9942899942398071,2627.0,2627.0,50.0,0.47499316930770874,36.104103088378906,6.891135215759277,0.46883857250213623,0.2978231608867645,0.29279404878616333,0.8660131692886353,918.0,918.0,50.0,5.951354503631592,25.814950942993164,3.107189178466797,0.40112268924713135,1.0715126991271973,1.0499035120010376,0.5517241358757019,58.0,58.0,31.0,16.270692825317383,18.549549102783203,2.1487293243408203,0.41845008730888367,0.0939447283744812,0.09394471347332001,0.9592186808586121,8413.49609375,0.4206748046875,1.9479334354400635,33.36069869995117,5.912349700927734,0.45447996258735657
8,1199,0.0901196300983429,0.10340263694524765,0.959729015827179,2806.0,2806.0,50.0,1.8361314535140991,33.531551361083984,6.034412860870361,0.45927444100379944,0.019214382395148277,0.01740785501897335,0.9946585297584534,2621.0,2621.0,50.0,0.5123336315155029,36.043678283691406,6.872013568878174,0.4685060679912567,0.28084278106689453,0.28354412317276,0.8849948644638062,913.0,913.0,50.0,5.6871771812438965,25.914228439331055,3.1692535877227783,0.4028913080692291,1.5448393821716309,1.5032634735107422,0.3999999761581421,60.0,60.0,36.0,20.349822998046875,19.01417350769043,2.2535364627838135,0.42053189873695374,0.10192755609750748,0.10192756354808807,0.9581249952316284,8413.412109375,0.42067060546875,2.0169363021850586,33.33758544921875,5.933258056640625,0.4546484351158142
8,1249,0.08954831957817078,0.08774929493665695,0.96055006980896,2763.0,2763.0,50.0,1.8090277910232544,33.499664306640625,5.943042755126953,0.4581579267978668,0.01838875561952591,0.0188224446028471,0.9933432936668396,2704.0,2704.0,50.0,0.5002105236053467,36.05891418457031,6.854403018951416,0.46841007471084595,0.2812062203884125,0.30822518467903137,0.8883878588676453,887.0,887.0,50.0,5.897449016571045,25.562137603759766,3.1181678771972656,0.40300607681274414,1.1813315153121948,1.1597917079925537,0.5000001192092896,46.0,46.0,33.0,17.849809646606445,15.148904800415039,2.004746913909912,0.4204399585723877,0.09389319270849228,0.09389318525791168,0.9610937833786011,8413.3291015625,0.420666455078125,1.9379751682281494,33.348960876464844,5.908275604248047,0.4545746445655823
8,1271,0.08978305011987686,0.07974869757890701,0.9609249830245972,1254.0,1254.0,22.0,1.8444126844406128,33.46649932861328,5.927428245544434,0.4578219950199127,0.014360015280544758,0.015734707936644554,0.9973262548446655,1122.0,1122.0,22.0,0.41733115911483765,36.21837615966797,6.98929500579834,0.4695345163345337,0.3196244239807129,0.3059763014316559,0.8716577887535095,374.0,374.0,22.0,5.9937872886657715,25.98998260498047,3.1312077045440674,0.40085500478744507,0.9356623888015747,1.0831929445266724,0.4000000059604645,20.0,20.0,14.0,17.540855407714844,18.041057586669922,1.9087018966674805,0.4268259108066559,0.09553670883178711,0.0963728055357933,0.9595667719841003,8413.2939453125,0.420664697265625,1.9399394989013672,33.46031951904297,5.950985908508301,0.4546508193016052
9,49,0.07683622092008591,0.08455780148506165,0.9694134593009949,2779.0,2779.0,50.0,1.6220228672027588,33.7242431640625,6.047486782073975,0.4594235420227051,0.014763235114514828,0.017071790993213654,0.9969764947891235,2646.0,2646.0,50.0,0.42243897914886475,36.190425872802734,6.926774978637695,0.468763142824173,0.25230011343955994,0.22299925982952118,0.8971551656723022,914.0,914.0,50.0,5.409990310668945,26.0704288482666,3.206712007522583,0.4008372128009796,1.1198841333389282,0.8754228949546814,0.5573769807815552,61.0,61.0,33.0,15.98462963104248,17.559206008911133,2.1273398399353027,0.42010849714279175,0.08617289364337921,0.0861729085445404,0.9665624499320984,8413.2138671875,0.420660693359375,1.8039326667785645,33.49672317504883,5.967955589294434,0.4545432925224304
9,99,0.0827416181564331,0.07943075895309448,0.9645891189575195,2824.0,2824.0,50.0,1.8421430587768555,33.42743682861328,6.020377159118652,0.46028706431388855,0.010964686051011086,0.009424225427210331,0.9996081590652466,2552.0,2552.0,50.0,0.3422403335571289,36.302791595458984,7.004926681518555,0.4686811566352844,0.27632373571395874,0.26106300950050354,0.8840578198432922,966.0,966.0,50.0,5.6789093017578125,25.982059478759766,3.1482532024383545,0.40338870882987976,1.6382837295532227,2.1799187660217285,0.3103448450565338,58.0,58.0,36.0,21.115318298339844,19.259111404418945,2.3045172691345215,0.4096394181251526,0.09743650257587433,0.09743646532297134,0.9604686498641968,8413.1318359375,0.42065659179687503,1.99783194065094,33.321800231933594,5.945780277252197,0.45458710193634033
9,149,0.08893609046936035,0.10098941624164581,0.9654039740562439,2746.0,2746.0,50.0,1.803541660308838,33.67090606689453,6.016173839569092,0.460130900144577,0.020324816927313805,0.014392889104783535,0.994497537612915,2726.0,2726.0,50.0,0.5160167217254639,35.9400520324707,6.865114212036133,0.4669957160949707,0.2514569163322449,0.2273169755935669,0.9053592681884766,877.0,877.0,50.0,5.115537643432617,26.60192108154297,3.2587592601776123,0.4011092185974121,1.1273618936538696,1.1754817962646484,0.5686274766921997,51.0,51.0,32.0,16.62017822265625,18.242382049560547,2.1084375381469727,0.4107486605644226,0.09025733917951584,0.09025736153125763,0.9664062261581421,8413.0498046875,0.420652490234375,1.8270535469055176,33.545799255371094,5.968777656555176,0.4545735716819763
9,199,0.09416379779577255,0.10513817518949509,0.9591834545135498,2793.0,2793.0,50.0,1.8460522890090942,33.70643997192383,6.100298881530762,0.4591085910797119,0.015870431438088417,0.011659830808639526,0.9965974688529968,2645.0,2645.0,50.0,0.41307565569877625,36.176029205322266,7.052138805389404,0.46836090087890625,0.3077165484428406,0.34406256675720215,0.8717105984687805,912.0,912.0,50.0,6.117408275604248,25.67639923095703,3.1136531829833984,0.4035104513168335,1.1294543743133545,1.2416386604309082,0.5000000596046448,50.0,50.0,35.0,16.728534698486328,17.28471565246582,2.138497829437256,0.4148385524749756,0.1003260612487793,0.10032609105110168,0.9585937261581421,8412.966796875,0.42064833984375,1.9787676334381104,33.454498291015625,6.03712797164917,0.45466381311416626
9,249,0.08399199694395065,0.08745623379945755,0.9660777449607849,2830.0,2830.0,50.0,1.7329893112182617,33.60028839111328,6.087250709533691,0.4588628113269806,0.018396062776446342,0.020548535510897636,0.9938602447509766,2606.0,2606.0,50.0,0.49778881669044495,36.099666595458984,7.007091999053955,0.46855154633522034,0.26953595876693726,0.2381470650434494,0.8881580233573914,912.0,912.0,50.0,5.672641277313232,25.841880798339844,3.169973850250244,0.4038240909576416,1.4369089603424072,1.4301780462265015,0.384615421295166,52.0,52.0,32.0,19.53779411315918,19.422470092773438,2.2665584087371826,0.41496577858924866,0.09471462666988373,0.09471461176872253,0.9615625143051147,8412.8837890625,0.42064418945312504,1.9360954761505127,33.39723205566406,6.015043258666992,0.4546082615852356
9,299,0.09408348053693771,0.08526359498500824,0.9582893252372742,2829.0,2829.0,50.0,1.9011801481246948,33.338626861572266,6.029101848602295,0.457489937543869,0.014987409114837646,0.013740954920649529,0.9958568811416626,2655.0,2655.0,50.0,0.42040205001831055,36.18385314941406,6.997617721557617,0.46877285838127136,0.31426098942756653,0.3036690354347229,0.8755813837051392,860.0,860.0,50.0,6.030613422393799,26.2828311920166,3.1868369579315186,0.4036549925804138,1.1869876384735107,1.0884041786193848,0.4285714030265808,56.0,56.0,31.0,17.591569900512695,19.22425079345703,2.2188668251037598,0.42286163568496704,0.10042022913694382,0.10042023658752441,0.958125114440918,8412.80078125,0.4206400390625,1.9790722131729126,33.44732666015625,6.015615463256836,0.45463353395462036
9,349,0.08054181188344955,0.08927946537733078,0.964221715927124,2795.0,2795.0,50.0,1.7200603485107422,33.59181213378906,6.082859039306641,0.45837652683258057,0.01791521906852722,0.01789494976401329,0.9943224191665649,2642.0,2642.0,50.0,0.496390163898468,36.085384368896484,7.0238776206970215,0.46918100118637085,0.29814043641090393,0.30388975143432617,0.8796094655990601,922.0,922.0,50.0,6.041937351226807,25.342727661132812,3.0809361934661865,0.40217751264572144,1.5800889730453491,1.040114402770996,0.4390243589878082,41.0,41.0,31.0,19.784353256225586,19.879619598388672,2.3427865505218506,0.4224874675273895,0.09564303606748581,0.095643050968647,0.9610936641693115,8412.716796875,0.42063583984375,1.953258752822876,33.34496307373047,6.014899253845215,0.4545106887817383
9,399,0.0820087268948555,0.08466257154941559,0.9681642055511475,2827.0,2827.0,50.0,1.7464752197265625,33.536407470703125,6.035134315490723,0.45901811122894287,0.015790989622473717,0.017160000279545784,0.9965237379074097,2589.0,2589.0,50.0,0.4473532736301422,36.23155212402344,7.027657985687256,0.4699653387069702,0.2694571018218994,0.2161412239074707,0.8893662691116333,931.0,931.0,50.0,5.617531776428223,25.575786590576172,3.1219725608825684,0.400710791349411,1.1787534952163696,1.078447937965393,0.4905661344528198,53.0,53.0,35.0,17.292207717895508,20.427270889282227,2.15193247795105,0.4219183921813965,0.09157188981771469,0.0915718823671341,0.9642187356948853,8412.6357421875,0.42063178710937504,1.9127957820892334,33.3600959777832,5.980709075927734,0.45465749502182007
9,449,0.0837068110704422,0.09377933293581009,0.9665154218673706,2867.0,2867.0,50.0,1.7753885984420776,33.40239715576172,5.995129108428955,0.45857343077659607,0.01873415894806385,0.024176128208637238,0.9937205910682678,2548.0,2548.0,50.0,0.49421849846839905,36.181148529052734,6.995439052581787,0.46940556168556213,0.32694777846336365,0.270280122756958,0.8691386580467224,917.0,917.0,50.0,6.123584747314453,25.784387588500977,3.2033495903015137,0.4037497937679291,1.240377426147461,1.2316259145736694,0.35294121503829956,68.0,68.0,38.0,18.772512435913086,19.115537643432617,2.1734068393707275,0.4183353781700134,0.10498106479644775,0.10498107224702835,0.9568749666213989,8412.5537109375,0.420627685546875,2.068932056427002,33.26537322998047,5.952762126922607,0.4546032249927521
9,499,0.09971169382333755,0.08890596777200699,0.9572134613990784,2828.0,2828.0,50.0,2.013232469558716,33.168609619140625,5.9493818283081055,0.4574640095233917,0.016684986650943756,0.012929953634738922,0.9950868487358093,2646.0,2646.0,50.0,0.4553670883178711,36.206729888916016,6.93155574798584,0.4694767892360687,0.3057101368904114,0.29563745856285095,0.8749997615814209,864.0,864.0,50.0,5.925978183746338,25.69383430480957,3.168816089630127,0.4019050598144531,1.212498426437378,1.2783223390579224,0.45161283016204834,62.0,62.0,33.0,18.36756706237793,17.828763961791992,2.078970432281494,0.4210696518421173,0.10397526621818542,0.10397525131702423,0.9568749666213989,8412.470703125,0.42062353515625,2.0558059215545654,33.26698303222656,5.942578315734863,0.4545775055885315
9,549,0.09130099415779114,0.09127800166606903,0.9639299511909485,2911.0,2911.0,50.0,1.821786880493164,33.44255828857422,6.021279811859131,0.45800477266311646,0.01854630559682846,0.014460750855505466,0.9937006235122681,2540.0,2540.0,50.0,0.47175687551498413,36.219783782958984,6.971941947937012,0.46912917494773865,0.3023744225502014,0.23399095237255096,0.8737317323684692,887.0,887.0,50.0,6.109793186187744,25.384653091430664,3.0870907306671143,0.40430447459220886,1.2187001705169678,0.9903409481048584,0.35483866930007935,62.0,62.0,40.0,19.00079917907715,16.800304412841797,2.018834352493286,0.41848090291023254,0.10260161757469177,0.10260161757469177,0.9573436975479126,8412.38671875,0.4206193359375,2.046706438064575,33.26677322387695,5.9531402587890625,0.45459437370300293
9,599,0.08012675493955612,0.07192838937044144,0.9679465293884277,2839.0,2839.0,50.0,1.672682762145996,33.59205627441406,5.985776901245117,0.45824626088142395,0.01523060817271471,0.013425890356302261,0.9966012239456177,2648.0,2648.0,50.0,0.438230037689209,36.03977966308594,6.973752021789551,0.46782875061035156,0.26116105914115906,0.23579519987106323,0.9014084339141846,852.0,852.0,50.0,5.399170398712158,25.96923828125,3.178699254989624,0.4017253816127777,1.5571823120117188,2.0305347442626953,0.32786884903907776,61.0,61.0,34.0,19.944135665893555,20.642065048217773,2.3549935817718506,0.42097383737564087,0.09145434200763702,0.09145435690879822,0.9648438096046448,8412.3056640625,0.420615283203125,1.8321664333343506,33.466583251953125,5.986253261566162,0.4543314278125763
9,649,0.08547133207321167,0.08855997771024704,0.9624496698379517,2743.0,2743.0,50.0,1.739304780960083,33.627349853515625,6.08808708190918,0.458915650844574,0.01647900603711605,0.014551892876625061,0.9966606497764587,2695.0,2695.0,50.0,0.4675755798816681,36.07373809814453,6.888085842132568,0.468190997838974,0.3544735908508301,0.338805228471756,0.8599780797958374,907.0,907.0,50.0,6.4911041259765625,25.49091911315918,3.1102848052978516,0.40233132243156433,1.3468403816223145,1.1070467233657837,0.418181836605072,55.0,55.0,33.0,19.444007873535156,17.478721618652344,2.105721950531006,0.4157905578613281,0.10538163781166077,0.10538165271282196,0.9576562643051147,8412.22265625,0.4206111328125,2.0293564796447754,33.36564636230469,5.9687275886535645,0.45443177223205566
9,699,0.09478741884231567,0.09921541064977646,0.960303008556366,2771.0,2771.0,50.0,1.9058634042739868,33.35697555541992,5.901741981506348,0.45819056034088135,0.017639774829149246,0.015667280182242393,0.9947506785392761,2667.0,2667.0,50.0,0.47989049553871155,36.14569854736328,6.902442932128906,0.4690054953098297,0.2909565269947052,0.2439327836036682,0.8839778304100037,905.0,905.0,50.0,5.572106838226318,26.22992706298828,3.2592384815216064,0.4016701579093933,1.106118083000183,1.1009252071380615,0.5087719559669495,57.0,57.0,34.0,17.672197341918945,18.682174682617188,2.0589070320129395,0.4222601652145386,0.09938523918390274,0.09938525408506393,0.959843635559082,8412.13671875,0.42060683593750003,1.9704824686050415,33.380584716796875,5.910861015319824,0.454384982585907
9,749,0.09541546553373337,0.11508087068796158,0.9564452767372131,2847.0,2847.0,50.0,1.8614085912704468,33.62696838378906,6.049618244171143,0.45932736992836,0.018354382365942,0.01861867681145668,0.994623601436615,2604.0,2604.0,50.0,0.5068356394767761,35.993743896484375,6.895162582397461,0.4683336615562439,0.2597217261791229,0.24424049258232117,0.9003357291221619,893.0,893.0,50.0,5.3471269607543945,26.284101486206055,3.242659568786621,0.40083423256874084,1.3985483646392822,1.1709567308425903,0.4285714030265808,56.0,56.0,34.0,17.823863983154297,19.694231033325195,2.416743278503418,0.41892099380493164,0.09838950634002686,0.09838950634002686,0.9595311284065247,8412.052734375,0.42060263671875003,1.9363048076629639,33.443477630615234,5.970202922821045,0.45447662472724915
9,799,0.08177260309457779,0.09323901683092117,0.9654312133789062,2806.0,2806.0,50.0,1.723279595375061,33.575016021728516,6.097865581512451,0.4593120515346527,0.017884699627757072,0.014362640678882599,0.9950870275497437,2646.0,2646.0,50.0,0.4884721040725708,36.00585174560547,6.99290657043457,0.46768900752067566,0.3114064335823059,0.33527931571006775,0.8752783536911011,898.0,898.0,50.0,6.176114082336426,25.282894134521484,3.057828664779663,0.40255624055862427,1.4156757593154907,1.2789766788482666,0.320000022649765,50.0,50.0,30.0,20.691123962402344,17.083581924438477,2.037881851196289,0.4178489148616791,0.09800055623054504,0.09800056368112564,0.9600000381469727,8411.9716796875,0.420598583984375,1.9857385158538818,33.28768539428711,6.009634971618652,0.4544878900051117
9,849,0.09067778289318085,0.10822702199220657,0.9634453058242798,2763.0,2763.0,50.0,1.8618812561035156,33.51375961303711,6.032832622528076,0.4592333734035492,0.014989163726568222,0.015009947121143341,0.9981052875518799,2639.0,2639.0,50.0,0.4306310713291168,36.161502838134766,6.999850273132324,0.4690970778465271,0.30755630135536194,0.34182924032211304,0.8799149990081787,941.0,941.0,50.0,5.984226703643799,25.626323699951172,3.129842519760132,0.400949627161026,1.14852774143219,0.8186111450195312,0.4912280738353729,57.0,57.0,32.0,18.230606079101562,16.1500301361084,1.94083833694458,0.4217526912689209,0.10077746212482452,0.10077744722366333,0.9612498879432678,8411.8876953125,0.420594384765625,2.0236117839813232,33.291194915771484,5.968301773071289,0.4543972611427307
9,899,0.09369033575057983,0.08302579820156097,0.9618848562240601,2886.0,2886.0,50.0,1.9364763498306274,33.137752532958984,5.930290699005127,0.4570870101451874,0.018254481256008148,0.01836252585053444,0.9949865341186523,2593.0,2593.0,50.0,0.48943185806274414,36.239959716796875,7.072296142578125,0.470501571893692,0.3005107045173645,0.2966103255748749,0.874855101108551,863.0,863.0,50.0,6.066614151000977,25.38479995727539,3.093341827392578,0.4006481468677521,1.5432125329971313,1.948285460472107,0.3620690405368805,58.0,58.0,35.0,20.327281951904297,19.42617416381836,2.2674529552459717,0.4111250042915344,0.10415174812078476,0.10415176302194595,0.9581249952316284,8411.8056640625,0.420590283203125,2.073787212371826,33.22493362426758,5.977242469787598,0.45449504256248474
9,949,0.0894576758146286,0.09826770424842834,0.9614405035972595,2749.0,2749.0,50.0,1.823396921157837,33.40473175048828,6.031786918640137,0.45760324597358704,0.015993397682905197,0.02158064767718315,0.9955947995185852,2724.0,2724.0,50.0,0.4435041546821594,36.116050720214844,7.009916305541992,0.46886682510375977,0.27018868923187256,0.32378536462783813,0.8873717188835144,879.0,879.0,50.0,5.481875896453857,26.06107521057129,3.186094045639038,0.4013853967189789,1.7005599737167358,1.5773024559020996,0.3541666865348816,48.0,48.0,33.0,21.033863067626953,20.182004928588867,2.3427836894989014,0.4160158336162567,0.09509499371051788,0.09509498625993729,0.9612499475479126,8411.7255859375,0.42058627929687503,1.8826277256011963,33.45096206665039,6.029597759246826,0.45436424016952515
9,999,0.0775986760854721,0.07395797967910767,0.9678218960762024,2828.0,2828.0,50.0,1.6538258790969849,33.66421890258789,6.107213973999023,0.45921480655670166,0.01430143229663372,0.01730441115796566,0.9980790615081787,2603.0,2603.0,50.0,0.4189891815185547,36.11002731323242,7.014547348022461,0.46865114569664,0.3097479045391083,0.3002951443195343,0.8695175051689148,912.0,912.0,50.0,6.1115217208862305,25.52266502380371,3.096219062805176,0.4010069668292999,1.2262524366378784,1.1148881912231445,0.5087720155715942,57.0,57.0,35.0,18.218782424926758,17.526126861572266,2.0613341331481934,0.4157398045063019,0.09516598284244537,0.09516596794128418,0.9620313048362732,8411.638671875,0.42058193359375,1.9343479871749878,33.355072021484375,6.011143207550049,0.45437091588974
9,1049,0.08984384685754776,0.0919964537024498,0.9617812633514404,2852.0,2852.0,50.0,1.859932780265808,33.33872604370117,5.928003311157227,0.4583371877670288,0.014483527280390263,0.014894896186888218,0.996891975402832,2574.0,2574.0,50.0,0.41227957606315613,36.35235595703125,7.021744251251221,0.47082579135894775,0.2821601927280426,0.28349047899246216,0.8988029360771179,919.0,919.0,50.0,5.557805061340332,25.906410217285156,3.202768325805664,0.39858633279800415,1.2694259881973267,1.5971037149429321,0.41818180680274963,55.0,55.0,31.0,18.051616668701172,19.55332374572754,2.1770055294036865,0.4218701124191284,0.09728734195232391,0.09728732705116272,0.9621875286102295,8411.55859375,0.4205779296875,1.947843313217163,33.36506652832031,5.944330215454102,0.45446670055389404
9,1099,0.09002452343702316,0.08409428596496582,0.962741494178772,2845.0,2845.0,50.0,1.8370931148529053,33.42341232299805,5.969428062438965,0.45823249220848083,0.015563185326755047,0.010220881551504135,0.9961832165718079,2620.0,2620.0,50.0,0.42773690819740295,36.146888732910156,6.994202613830566,0.46917426586151123,0.30084308981895447,0.33368998765945435,0.8744291067123413,876.0,876.0,50.0,6.147532939910889,24.563926696777344,3.060912609100342,0.40028464794158936,1.2202928066253662,1.0534933805465698,0.4576270878314972,59.0,59.0,36.0,18.00577163696289,18.333120346069336,2.10772967338562,0.4173162579536438,0.098817378282547,0.0988173633813858,0.9596874713897705,8411.4765625,0.420573828125,1.9991843700408936,33.186580657958984,5.955242156982422,0.45440298318862915
9,1149,0.09422708302736282,0.10071760416030884,0.9558089375495911,2806.0,2806.0,50.0,1.9705673456192017,33.320804595947266,5.947292804718018,0.45819517970085144,0.018150465562939644,0.01633179932832718,0.995092511177063,2649.0,2649.0,50.0,0.4962179958820343,36.15082931518555,6.95009708404541,0.4699244499206543,0.2997492849826813,0.27779045701026917,0.869662880897522,890.0,890.0,50.0,5.9021100997924805,25.3206729888916,3.1564910411834717,0.39756298065185547,1.4174315929412842,1.984600305557251,0.41818180680274963,55.0,55.0,31.0,19.022357940673828,19.082595825195312,2.2405333518981934,0.4228101670742035,0.1026901975274086,0.1026902124285698,0.9554687142372131,8411.3916015625,0.420569580078125,2.053593873977661,33.25728988647461,5.942408561706543,0.4543142318725586
9,1199,0.08044153451919556,0.08828993886709213,0.9669743776321411,2816.0,2816.0,50.0,1.7400680780410767,33.4564094543457,6.021273136138916,0.45914793014526367,0.015417482703924179,0.017856091260910034,0.995823860168457,2634.0,2634.0,50.0,0.42741894721984863,36.08852767944336,7.02202844619751,0.4679485261440277,0.3045528829097748,0.3111075758934021,0.8731922507286072,899.0,899.0,50.0,6.210302352905273,25.346561431884766,3.061168909072876,0.4026442766189575,1.2430088520050049,1.3352937698364258,0.45098042488098145,51.0,51.0,33.0,18.115943908691406,17.906787872314453,2.151660442352295,0.4172860085964203,0.09442491829395294,0.09442491829395294,0.9615623950958252,8411.310546875,0.42056552734375,1.958254337310791,33.2765998840332,5.986508369445801,0.45449936389923096
9,1249,0.08374498784542084,0.08955444395542145,0.9649060368537903,2821.0,2821.0,50.0,1.7822331190109253,33.50263214111328,6.066244602203369,0.45857593417167664,0.018125806003808975,0.021114425733685493,0.9958412647247314,2645.0,2645.0,50.0,0.5029307007789612,35.98658752441406,6.880843162536621,0.46842923760414124,0.29428839683532715,0.2824140191078186,0.8801793456077576,893.0,893.0,50.0,5.818487167358398,25.717010498046875,3.1856114864349365,0.4004416763782501,1.587990164756775,1.2505697011947632,0.34146344661712646,41.0,41.0,23.0,20.585933685302734,17.93038558959961,2.266280174255371,0.42045992612838745,0.09563975036144257,0.09563976526260376,0.9618750810623169,8411.228515625,0.42056142578125,1.9371662139892578,33.34310531616211,5.976620674133301,0.4542924165725708
9,1271,0.08406487107276917,0.09071372449398041,0.9674267172813416,1228.0,1228.0,22.0,1.7581619024276733,33.54450607299805,6.06825590133667,0.4599514305591583,0.02308836206793785,0.027121078222990036,0.993848979473114,1138.0,1138.0,22.0,0.6246814131736755,35.73664474487305,6.967240333557129,0.46700915694236755,0.32505878806114197,0.3154570460319519,0.8670076727867126,391.0,391.0,22.0,6.3280720710754395,25.036128997802734,3.0599982738494873,0.4020077884197235,0.9588235020637512,1.0929185152053833,0.4615384638309479,13.0,13.0,10.0,17.444515228271484,15.603754043579102,1.8159513473510742,0.4124259054660797,0.09770415723323822,0.09713678807020187,0.9617328643798828,8411.193359375,0.42055966796875,2.011178731918335,33.1599006652832,5.992998123168945,0.4544488787651062
10,49,0.0914568081498146,0.09983797371387482,0.959226667881012,2845.0,2845.0,50.0,1.8451234102249146,33.50316619873047,6.0886735916137695,0.4590722620487213,0.01450795866549015,0.0126130860298872,0.9969443082809448,2618.0,2618.0,50.0,0.41007256507873535,36.096012115478516,7.036752223968506,0.46787986159324646,0.30313345789909363,0.3061733841896057,0.8728716969490051,881.0,881.0,50.0,6.0597357749938965,25.651918411254883,3.158111810684204,0.40194493532180786,1.6387922763824463,1.699791669845581,0.3571428656578064,56.0,56.0,30.0,20.874122619628906,19.411685943603516,2.300849437713623,0.4158933162689209,0.102657750248909,0.1026577278971672,0.9575000405311584,8411.109375,0.42055546875,2.0047693252563477,33.35972595214844,6.039943695068359,0.4544333815574646
10,99,0.08458784222602844,0.09076282382011414,0.9662448167800903,2844.0,2844.0,50.0,1.8109344244003296,33.392242431640625,6.0075225830078125,0.45917537808418274,0.01647092215716839,0.01923021860420704,0.9962363243103027,2657.0,2657.0,50.0,0.45375123620033264,36.03457260131836,6.949343204498291,0.46794241666793823,0.28253161907196045,0.2854796350002289,0.8813761472702026,843.0,843.0,50.0,5.777773857116699,25.294679641723633,3.133796215057373,0.39906689524650574,1.267345666885376,1.419567584991455,0.4285713732242584,56.0,56.0,36.0,18.411481857299805,18.729230880737305,2.1060094833374023,0.40911534428596497,0.09273069351911545,0.09273071587085724,0.9628125429153442,8411.0283203125,0.420551416015625,1.9152532815933228,33.29431915283203,5.98586368560791,0.45445963740348816
10,149,0.0781896710395813,0.07103227823972702,0.9634408950805664,2790.0,2790.0,50.0,1.661146879196167,33.65589141845703,6.15917444229126,0.4589875638484955,0.01625869795680046,0.01571025140583515,0.9951165318489075,2662.0,2662.0,50.0,0.44784167408943176,36.07183837890625,7.0694074630737305,0.46787673234939575,0.28507372736930847,0.28806084394454956,0.878318727016449,904.0,904.0,50.0,5.923262119293213,25.214252471923828,3.020688533782959,0.40195006132125854,1.0043176412582397,1.110114336013794,0.4999999701976776,44.0,44.0,28.0,17.41862678527832,15.798501014709473,1.8808280229568481,0.4165198504924774,0.08801978081464767,0.08801975846290588,0.9614063501358032,8410.943359375,0.42054716796875,1.8668441772460938,33.34562301635742,6.065049648284912,0.45433637499809265
10,199,0.0866226926445961,0.08545935153961182,0.9619185924530029,2731.0,2731.0,50.0,1.7394814491271973,33.75255584716797,6.119634628295898,0.4594411849975586,0.01654755137860775,0.017246000468730927,0.995537281036377,2689.0,2689.0,50.0,0.4647611081600189,36.1048583984375,6.971278190612793,0.4687303602695465,0.29265186190605164,0.26528775691986084,0.8766093850135803,932.0,932.0,50.0,5.921534538269043,25.61290168762207,3.120941162109375,0.4000602662563324,1.6025904417037964,1.91402006149292,0.395833283662796,48.0,48.0,35.0,20.402767181396484,19.158985137939453,2.301039218902588,0.4178890585899353,0.09855293482542038,0.09855293482542038,0.9593749046325684,8410.861328125,0.42054306640625,1.9528858661651611,33.44609832763672,6.012133598327637,0.45438510179519653
10,249,0.0845685675740242,0.08933354169130325,0.9634502530097961,2736.0,2736.0,50.0,1.8076754808425903,33.41053771972656,6.0091986656188965,0.45842108130455017,0.016039814800024033,0.015888012945652008,0.9963569641113281,2745.0,2745.0,50.0,0.4541611671447754,35.98503112792969,6.949047088623047,0.4678051769733429,0.28345832228660583,0.2792285084724426,0.8867276906967163,874.0,874.0,50.0,5.664445877075195,25.96007537841797,3.2011303901672363,0.4020739495754242,1.510239601135254,1.9179097414016724,0.4666666090488434,45.0,45.0,32.0,18.032798767089844,19.902050018310547,2.470987319946289,0.41120266914367676,0.09236127883195877,0.09236128628253937,0.9635937213897705,8410.7802734375,0.420539013671875,1.867917776107788,33.402320861816406,6.003950595855713,0.4544190764427185
10,299,0.09140149503946304,0.10861320793628693,0.9600000977516174,2800.0,2800.0,50.0,1.8975430727005005,33.38434982299805,6.048793315887451,0.4587048590183258,0.013711652718484402,0.014862251468002796,0.9981067180633545,2641.0,2641.0,50.0,0.4018619656562805,36.242252349853516,7.108558177947998,0.4695712924003601,0.3028103709220886,0.2829643487930298,0.8641840815544128,913.0,913.0,50.0,6.074565887451172,25.065101623535156,3.132967233657837,0.3997182548046112,1.032037615776062,1.1085448265075684,0.5869565606117249,46.0,46.0,30.0,16.573030471801758,17.408945083618164,1.9588630199432373,0.4121485948562622,0.0962618738412857,0.09626191109418869,0.9593750238418579,8410.69921875,0.42053496093750004,1.9816994667053223,33.26206588745117,6.040754318237305,0.45443952083587646
10,349,0.08022934198379517,0.06569112837314606,0.9667139053344727,2824.0,2824.0,50.0,1.6533288955688477,33.63205337524414,6.105627536773682,0.4583629369735718,0.014700591564178467,0.016945652663707733,0.9961118698120117,2572.0,2572.0,50.0,0.39698266983032227,36.337806701660156,7.136972904205322,0.4700888991355896,0.3003016412258148,0.279648095369339,0.8811041116714478,942.0,942.0,50.0,6.003878116607666,25.50576400756836,3.1329410076141357,0.4024970531463623,1.3714220523834229,1.3455263376235962,0.3709677457809448,62.0,62.0,36.0,19.67796516418457,19.13637351989746,2.1606879234313965,0.4218466877937317,0.0987953245639801,0.09879529476165771,0.9601562023162842,8410.615234375,0.42053076171875003,1.9633948802947998,33.382911682128906,6.04434061050415,0.4544987678527832
10,399,0.0879652127623558,0.09765862673521042,0.9654796123504639,2752.0,2752.0,50.0,1.85849130153656,33.29195785522461,5.994256019592285,0.45853471755981445,0.020153934136033058,0.015948757529258728,0.9944029450416565,2680.0,2680.0,50.0,0.526416003704071,35.993011474609375,6.9257893562316895,0.46848583221435547,0.2615492641925812,0.23803460597991943,0.9115043878555298,904.0,904.0,50.0,5.197173118591309,26.375980377197266,3.298748731613159,0.40300145745277405,1.1807515621185303,1.4905292987823486,0.4062500596046448,64.0,64.0,35.0,18.241254806518555,17.692720413208008,2.0512444972991943,0.4247675836086273,0.09501585364341736,0.09501584619283676,0.9643748998641968,8410.5341796875,0.420526708984375,1.9361011981964111,33.2901496887207,5.964164733886719,0.45451998710632324
10,449,0.08460251241922379,0.08314912021160126,0.9629886746406555,2891.0,2891.0,50.0,1.768281102180481,33.57230758666992,6.134304523468018,0.4594030976295471,0.01904817298054695,0.01545118447393179,0.9941657781600952,2571.0,2571.0,50.0,0.465854674577713,36.121883392333984,7.0959343910217285,0.4680907130241394,0.270526647567749,0.29788243770599365,0.8943270444869995,899.0,899.0,50.0,5.255588054656982,26.295364379882812,3.2898213863372803,0.40152427554130554,1.2721822261810303,1.235449194908142,0.4615384638309479,39.0,39.0,26.0,18.923778533935547,21.49848747253418,2.201570749282837,0.43029895424842834,0.09162143617868423,0.09162145107984543,0.9628125429153442,8410.4521484375,0.420522607421875,1.8394709825515747,33.500762939453125,6.09708309173584,0.45458555221557617
10,499,0.07652051746845245,0.07298354804515839,0.966959536075592,2845.0,2845.0,50.0,1.688388705253601,33.45876693725586,6.203428745269775,0.45883047580718994,0.014539779163897038,0.014156050980091095,0.9961760640144348,2615.0,2615.0,50.0,0.40657493472099304,36.083290100097656,7.129107475280762,0.4674505889415741,0.2873099744319916,0.30270853638648987,0.8857781887054443,893.0,893.0,50.0,5.9135236740112305,25.77025032043457,3.1530065536499023,0.403899222612381,1.3259198665618896,1.5200626850128174,0.3404254913330078,47.0,47.0,29.0,19.433713912963867,16.31534767150879,2.116748332977295,0.41770079731941223,0.08978257328271866,0.08978257328271866,0.9629687666893005,8410.3681640625,0.420518408203125,1.8845032453536987,33.33244323730469,6.126014709472656,0.4543859362602234
10,549,0.08785779029130936,0.07757552713155746,0.9590310454368591,2807.0,2807.0,50.0,1.8308460712432861,33.4604606628418,6.0735955238342285,0.45840200781822205,0.01423116959631443,0.013609902933239937,0.996616542339325,2660.0,2660.0,50.0,0.39675530791282654,36.17026901245117,7.134405136108398,0.46822333335876465,0.2949128746986389,0.3185198903083801,0.8897818922996521,871.0,871.0,50.0,5.792224407196045,25.83411979675293,3.2281229496002197,0.4021393060684204,1.2970622777938843,1.1394929885864258,0.5,62.0,62.0,34.0,18.37003517150879,18.913358688354492,2.162320852279663,0.4203823208808899,0.09714978188276291,0.0971498042345047,0.9607812762260437,8410.28515625,0.4205142578125,1.9341442584991455,33.407901763916016,6.089353084564209,0.45445868372917175
10,599,0.08188572525978088,0.08086041361093521,0.9652388691902161,2848.0,2848.0,50.0,1.705465316772461,33.53853225708008,6.063992977142334,0.4583814740180969,0.014809348620474339,0.014231392182409763,0.9969255328178406,2602.0,2602.0,50.0,0.4268176257610321,36.1575813293457,7.126340389251709,0.46897658705711365,0.29146429896354675,0.25177425146102905,0.8764045238494873,890.0,890.0,50.0,5.8060197830200195,25.75170135498047,3.1966049671173096,0.40121015906333923,1.3419835567474365,1.317099928855896,0.3500000238418579,60.0,60.0,35.0,19.827529907226562,17.875581741333008,2.0886340141296387,0.4267924129962921,0.09557291120290756,0.09557291865348816,0.9600000381469727,8410.2041015625,0.42051020507812503,1.925742745399475,33.37364196777344,6.0598883628845215,0.45444250106811523
10,649,0.08641891926527023,0.07481177151203156,0.9653832912445068,2831.0,2831.0,50.0,1.8472001552581787,33.34566116333008,6.0684332847595215,0.45856544375419617,0.01740003190934658,0.017364894971251488,0.9965986609458923,2646.0,2646.0,50.0,0.47236359119415283,36.09123992919922,7.038396835327148,0.4684169888496399,0.29236987233161926,0.2889581322669983,0.8805971145629883,871.0,871.0,50.0,5.821078777313232,25.806123733520508,3.2039108276367188,0.4015251696109772,1.0065042972564697,0.899983286857605,0.5769229531288147,52.0,52.0,31.0,15.877388000488281,16.298545837402344,2.045501708984375,0.41324135661125183,0.09338825941085815,0.09338825196027756,0.9635937213897705,8410.1220703125,0.420506103515625,1.933606505393982,33.316192626953125,6.04692268371582,0.45450735092163086
10,699,0.07967574894428253,0.07724625617265701,0.9712516665458679,2748.0,2748.0,50.0,1.644334077835083,33.59394073486328,6.1571574211120605,0.4588824510574341,0.016997860744595528,0.014182675629854202,0.9951816201210022,2698.0,2698.0,50.0,0.4473930895328522,36.11204147338867,7.146841526031494,0.468405544757843,0.26962071657180786,0.2715829908847809,0.892070472240448,908.0,908.0,50.0,5.685683250427246,25.553565979003906,3.1882057189941406,0.4015982151031494,1.2188897132873535,0.942895233631134,0.47826087474823,46.0,46.0,31.0,17.27223014831543,20.026033401489258,2.172853469848633,0.41382789611816406,0.08838964998722076,0.08838964253664017,0.9665623903274536,8410.0390625,0.420501953125,1.825440526008606,33.41722869873047,6.124513626098633,0.454446017742157
10,749,0.08491828292608261,0.09568693488836288,0.9634702205657959,2847.0,2847.0,50.0,1.7355082035064697,33.6197509765625,6.146478176116943,0.4587932229042053,0.014118240214884281,0.014893574640154839,0.9969172477722168,2595.0,2595.0,50.0,0.4016815721988678,36.188350677490234,7.151983737945557,0.4688224792480469,0.2783312201499939,0.27599650621414185,0.8842337727546692,907.0,907.0,50.0,5.705379486083984,25.986223220825195,3.236189365386963,0.402866929769516,1.4479260444641113,1.745802879333496,0.45098042488098145,51.0,51.0,30.0,18.34217071533203,19.431055068969727,2.449016571044922,0.42201489210128784,0.09448276460170746,0.09448278695344925,0.961718738079071,8409.9580078125,0.420497900390625,1.889622688293457,33.46635818481445,6.112272262573242,0.45464086532592773
10,799,0.0794578567147255,0.08233652263879776,0.9662960171699524,2878.0,2878.0,50.0,1.6285934448242188,33.78164291381836,6.165049076080322,0.4592532813549042,0.01737961731851101,0.016302689909934998,0.9968798756599426,2564.0,2564.0,50.0,0.45192018151283264,36.12382125854492,7.087494373321533,0.4682633578777313,0.2743633985519409,0.3061736524105072,0.8879024982452393,901.0,901.0,50.0,5.476191997528076,26.3251895904541,3.2635161876678467,0.4030068814754486,1.3807374238967896,1.0088775157928467,0.4210526943206787,57.0,57.0,36.0,18.93417739868164,19.581363677978516,2.2121641635894775,0.4097573757171631,0.09361634403467178,0.09361632913351059,0.9626562595367432,8409.8759765625,0.42049379882812504,1.8529863357543945,33.54377746582031,6.090917110443115,0.4545036852359772
10,849,0.08593708276748657,0.07436774671077728,0.9649434685707092,2824.0,2824.0,50.0,1.750370740890503,33.520263671875,6.143800735473633,0.45835745334625244,0.016199592500925064,0.015579404309391975,0.996222198009491,2647.0,2647.0,50.0,0.44307741522789,36.11250686645508,7.076771259307861,0.46829816699028015,0.2540586590766907,0.28289538621902466,0.8954023122787476,870.0,870.0,50.0,5.366020679473877,26.18144416809082,3.279754400253296,0.40151771903038025,1.1771081686019897,0.9959166646003723,0.4067797362804413,59.0,59.0,34.0,18.35206413269043,18.2503719329834,2.0776617527008057,0.41954049468040466,0.09000735729932785,0.09000734984874725,0.9632813334465027,8409.791015625,0.42048955078125,1.8542317152023315,33.454010009765625,6.102855205535889,0.45438435673713684
10,899,0.08331002295017242,0.09183377772569656,0.9638420939445496,2738.0,2738.0,50.0,1.7234851121902466,33.534629821777344,6.207951545715332,0.4586673676967621,0.017527859658002853,0.014756429940462112,0.996677815914154,2709.0,2709.0,50.0,0.4826791286468506,36.01646423339844,7.00588321685791,0.46852460503578186,0.28093740344047546,0.22753342986106873,0.8871509432792664,895.0,895.0,50.0,5.428160667419434,26.496549606323242,3.2536327838897705,0.40134480595588684,1.090783953666687,1.0026544332504272,0.5344827771186829,58.0,58.0,35.0,16.760683059692383,17.730897903442383,2.1136038303375244,0.41599124670028687,0.09223286807537079,0.092232845723629,0.9631249904632568,8409.7099609375,0.420485498046875,1.8526254892349243,33.45769119262695,6.095453262329102,0.4544367790222168
10,949,0.0833427757024765,0.08631312847137451,0.9645339846611023,2876.0,2876.0,50.0,1.7415112257003784,33.46973419189453,6.191853046417236,0.458599328994751,0.012291690334677696,0.012031874619424343,0.9972898364067078,2583.0,2583.0,50.0,0.3586704730987549,36.20100784301758,7.149995803833008,0.4685782492160797,0.3211575150489807,0.30767983198165894,0.8769931793212891,878.0,878.0,50.0,5.732522487640381,26.2740535736084,3.2547175884246826,0.40166401863098145,1.2723159790039062,1.265667200088501,0.428571492433548,63.0,63.0,39.0,18.700115203857422,18.180526733398438,2.1199538707733154,0.420610636472702,0.09899614006280899,0.09899616986513138,0.9604686498641968,8409.626953125,0.42048134765625,1.8978585004806519,33.43439865112305,6.135532379150391,0.45444202423095703
10,999,0.09334665536880493,0.09672008454799652,0.9634319543838501,2844.0,2844.0,50.0,1.8308289051055908,33.36772155761719,6.12882137298584,0.45819908380508423,0.01715402863919735,0.016644198447465897,0.9938908219337463,2619.0,2619.0,50.0,0.457622230052948,36.119327545166016,7.080669403076172,0.4687219560146332,0.2699768841266632,0.249519482254982,0.8878822326660156,883.0,883.0,50.0,5.623314380645752,25.63543701171875,3.1601905822753906,0.4009955823421478,1.404586672782898,1.689012885093689,0.3333333134651184,54.0,54.0,31.0,19.704204559326172,17.597984313964844,2.1467905044555664,0.41631779074668884,0.09760026633739471,0.09760024398565292,0.9601563215255737,8409.54296875,0.4204771484375,1.9429380893707275,33.293861389160156,6.075159072875977,0.45425957441329956
10,1049,0.07756952941417694,0.08738444000482559,0.968439519405365,2820.0,2820.0,50.0,1.6309384107589722,33.65715789794922,6.244532585144043,0.45910337567329407,0.01764339953660965,0.017409225925803185,0.9946069717407227,2596.0,2596.0,50.0,0.49183863401412964,36.06046676635742,7.118324279785156,0.4688059985637665,0.2974236309528351,0.22727078199386597,0.8770226836204529,927.0,927.0,50.0,5.903244972229004,25.441518783569336,3.1763601303100586,0.40244874358177185,1.0741071701049805,1.3236253261566162,0.4736841917037964,57.0,57.0,31.0,16.611101150512695,17.033185958862305,2.0075318813323975,0.4068102538585663,0.09398192167282104,0.09398190677165985,0.9614061117172241,8409.4609375,0.42047304687500003,1.921125054359436,33.29396057128906,6.116822719573975,0.4543672204017639
10,1099,0.09024274349212646,0.1195731982588768,0.9575232267379761,2778.0,2778.0,50.0,1.7894705533981323,33.73585510253906,6.192455291748047,0.45953595638275146,0.016418155282735825,0.014131629839539528,0.9958269596099854,2636.0,2636.0,50.0,0.46224188804626465,36.10504150390625,6.9900970458984375,0.4688502550125122,0.2851131558418274,0.2203022539615631,0.8852813839912415,924.0,924.0,50.0,5.533540725708008,25.916797637939453,3.258126735687256,0.3987715542316437,1.3099324703216553,0.9571986794471741,0.5,62.0,62.0,38.0,17.879859924316406,18.266176223754883,2.205904006958008,0.41678136587142944,0.09978640824556351,0.09978640079498291,0.958437442779541,8409.3779296875,0.420468896484375,1.939244031906128,33.432926177978516,6.058720588684082,0.45418524742126465
10,1149,0.08159349858760834,0.05855603143572807,0.9637706875801086,2843.0,2843.0,50.0,1.683243751525879,33.64906692504883,6.137879371643066,0.4583832323551178,0.016045991331338882,0.012037621811032295,0.9969205856323242,2598.0,2598.0,50.0,0.4479152262210846,36.14656066894531,7.103834629058838,0.46955159306526184,0.2663913071155548,0.25608065724372864,0.8936402201652527,912.0,912.0,50.0,5.524168014526367,25.510271072387695,3.14387845993042,0.39941349625587463,1.108831524848938,0.9173187017440796,0.5106382966041565,47.0,47.0,32.0,16.40033531188965,17.850563049316406,2.141374111175537,0.4211621582508087,0.08886278420686722,0.08886277675628662,0.9639061689376831,8409.294921875,0.42046474609375,1.8371878862380981,33.38709259033203,6.074002265930176,0.4542403519153595
10,1199,0.08823135495185852,0.09456361085176468,0.9627216458320618,2763.0,2763.0,50.0,1.7641026973724365,33.61979293823242,6.065234184265137,0.45927026867866516,0.018548613414168358,0.017775315791368484,0.9930636286735535,2595.0,2595.0,50.0,0.48623788356781006,36.19733428955078,7.103381156921387,0.4701136648654938,0.32930058240890503,0.29652678966522217,0.878198504447937,977.0,977.0,50.0,5.9739556312561035,25.70738983154297,3.2154345512390137,0.4005250334739685,1.407016396522522,1.0446534156799316,0.40000003576278687,65.0,65.0,33.0,18.937955856323242,19.239971160888672,2.2387211322784424,0.41786420345306396,0.11017179489135742,0.11017180979251862,0.95640629529953,8409.2119140625,0.420460595703125,2.0630507469177246,33.31098175048828,6.012267589569092,0.4542785882949829
10,1249,0.08690802752971649,0.09411360323429108,0.963516354560852,2878.0,2878.0,50.0,1.7984936237335205,33.40708541870117,5.9643449783325195,0.45797255635261536,0.01974288560450077,0.02674173004925251,0.9956879019737244,2551.0,2551.0,50.0,0.5221219062805176,36.118629455566406,6.942532062530518,0.4699862003326416,0.27714604139328003,0.24437883496284485,0.8909693360328674,908.0,908.0,50.0,5.558103561401367,25.60297203063965,3.2515218257904053,0.3997754156589508,1.2293906211853027,1.1423060894012451,0.4761904776096344,63.0,63.0,36.0,17.86126708984375,18.510425567626953,2.153996706008911,0.42420709133148193,0.09837277233600616,0.09837275743484497,0.9612500071525574,8409.1298828125,0.420456494140625,1.9812524318695068,33.23404312133789,5.931854248046875,0.4541720151901245
10,1271,0.10322777181863785,0.10432445257902145,0.9567307233810425,1248.0,1248.0,22.0,2.032393455505371,33.333919525146484,6.003554344177246,0.45854225754737854,0.023712148889899254,0.024099061265587807,0.9919999837875366,1125.0,1125.0,22.0,0.6045571565628052,35.85797882080078,6.835407733917236,0.46782585978507996,0.26351049542427063,0.29099220037460327,0.8954422473907471,373.0,373.0,22.0,5.8210906982421875,24.872262954711914,3.1415352821350098,0.40021413564682007,1.259798526763916,1.128515362739563,0.416666716337204,24.0,24.0,14.0,20.22951316833496,18.05198860168457,1.9642114639282227,0.42745262384414673,0.10193124413490295,0.10253755003213882,0.958122730255127,8409.091796875,0.42045458984375,2.120335340499878,33.08720779418945,5.921011924743652,0.4541890323162079
11,49,0.088620126247406,0.08202721178531647,0.9626526832580566,2865.0,2865.0,50.0,1.791670322418213,33.4466552734375,6.056110382080078,0.4581727683544159,0.016260875388979912,0.016264934092760086,0.9961345195770264,2587.0,2587.0,50.0,0.45477738976478577,36.23147201538086,7.1444478034973145,0.4708142578601837,0.30189231038093567,0.2832394540309906,0.8797752261161804,890.0,890.0,50.0,5.773949146270752,25.2348690032959,3.091423273086548,0.3960050046443939,1.2378405332565308,1.5934556722640991,0.4482758343219757,58.0,58.0,33.0,17.709814071655273,18.356304168701172,2.160123109817505,0.4157482981681824,0.09944417327642441,0.09944413602352142,0.9600000381469727,8409.0087890625,0.42045043945312505,1.9493169784545898,33.29362106323242,6.048452377319336,0.45425301790237427
11,99,0.07710027694702148,0.07342056185007095,0.9701229333877563,2845.0,2845.0,50.0,1.6469407081604004,33.589229583740234,6.071509838104248,0.4581989645957947,0.016087977215647697,0.012672343291342258,0.9947189688682556,2651.0,2651.0,50.0,0.43572643399238586,36.159751892089844,7.089876174926758,0.46901828050613403,0.2756666839122772,0.2886144518852234,0.8771726489067078,863.0,863.0,50.0,5.727931022644043,25.25897216796875,3.1445107460021973,0.3984528183937073,1.2870248556137085,1.2076849937438965,0.414634108543396,41.0,41.0,24.0,18.416316986083984,18.5264835357666,2.1349034309387207,0.42364057898521423,0.08635435253381729,0.08635435998439789,0.9642187356948853,8408.927734375,0.42044638671875,1.8029578924179077,33.43421173095703,6.073430061340332,0.45440274477005005
11,149,0.08535618335008621,0.09085391461849213,0.9626703262329102,2786.0,2786.0,50.0,1.7196143865585327,33.617530822753906,6.119726181030273,0.4590798318386078,0.012291837483644485,0.012917084619402885,0.9984585642814636,2595.0,2595.0,50.0,0.3593584895133972,36.378326416015625,7.194797039031982,0.47060149908065796,0.292459636926651,0.2263871431350708,0.8743511438369751,963.0,963.0,50.0,5.9734110832214355,24.84208106994629,3.091770648956299,0.39897921681404114,1.2738672494888306,0.936323881149292,0.5535714030265808,56.0,56.0,30.0,16.542234420776367,19.168916702270508,2.254108190536499,0.4122568666934967,0.0972929447889328,0.0972929447889328,0.9603124856948853,8408.8447265625,0.420442236328125,1.9378345012664795,33.29009246826172,6.066197395324707,0.45429855585098267
11,199,0.08348720520734787,0.08525843173265457,0.9631924629211426,2907.0,2907.0,50.0,1.8008452653884888,33.39826583862305,6.066897869110107,0.45970267057418823,0.01914873719215393,0.015822915360331535,0.994140625,2560.0,2560.0,50.0,0.5068995356559753,36.03540802001953,7.011938095092773,0.46868494153022766,0.2492128610610962,0.21589460968971252,0.9026046991348267,883.0,883.0,50.0,4.986812114715576,26.33306121826172,3.2926559448242188,0.39685168862342834,1.6703311204910278,1.7295366525650024,0.3999999761581421,50.0,50.0,33.0,20.64955711364746,18.072032928466797,2.2894132137298584,0.4092708230018616,0.09301401674747467,0.09301399439573288,0.9628125429153442,8408.759765625,0.42043798828125,1.870086431503296,33.35860824584961,6.0326433181762695,0.4542301297187805
11,249,0.08747392147779465,0.09260459244251251,0.9644426107406616,2728.0,2728.0,50.0,1.7255223989486694,33.66928482055664,6.138213157653809,0.45908448100090027,0.015468833968043327,0.017658473923802376,0.9962701201438904,2681.0,2681.0,50.0,0.41471707820892334,36.18378829956055,7.151670932769775,0.4692728817462921,0.2926676273345947,0.2767994701862335,0.8688170909881592,930.0,930.0,50.0,6.044596195220947,25.109085083007812,3.109013319015503,0.4007028639316559,0.9441238045692444,0.786807119846344,0.5245900750160217,61.0,61.0,36.0,15.883462905883789,16.025794982910156,1.885038137435913,0.4059065878391266,0.09529269486665726,0.09529269486665726,0.9596874713897705,8408.6826171875,0.42043413085937503,1.9389760494232178,33.3105583190918,6.082037925720215,0.45436203479766846
11,299,0.09643056988716125,0.09111903607845306,0.9581263661384583,2818.0,2818.0,50.0,1.981727123260498,33.18672180175781,5.980691432952881,0.4581854045391083,0.016445480287075043,0.013589946553111076,0.9965623617172241,2618.0,2618.0,50.0,0.4636606276035309,36.16429138183594,7.088953971862793,0.4697030484676361,0.2964630126953125,0.24428316950798035,0.8883978128433228,905.0,905.0,50.0,5.713773727416992,25.731685638427734,3.201910972595215,0.40052714943885803,1.0813579559326172,1.0303491353988647,0.4915253818035126,59.0,59.0,33.0,16.599925994873047,17.227436065673828,2.0668656826019287,0.4115217328071594,0.10107732564210892,0.10107731074094772,0.9596875309944153,8408.5986328125,0.42042993164062503,2.0232391357421875,33.20342254638672,6.005023002624512,0.4543134570121765
11,349,0.08264748752117157,0.09202250838279724,0.9656898975372314,2798.0,2798.0,50.0,1.690330982208252,33.47332000732422,6.0630035400390625,0.4575948715209961,0.016454149037599564,0.019842306151986122,0.9966467618942261,2684.0,2684.0,50.0,0.4365569055080414,36.13051986694336,7.085570335388184,0.46906667947769165,0.26405709981918335,0.23831550776958466,0.9017142653465271,875.0,875.0,50.0,5.433786392211914,25.628433227539062,3.23368763923645,0.39945295453071594,1.2683489322662354,1.2658591270446777,0.4883720576763153,43.0,43.0,28.0,18.329608917236328,19.787443161010742,2.2183666229248047,0.4235793352127075,0.08765619993209839,0.0876561850309372,0.9667187929153442,8408.515625,0.42042578125,1.7881252765655518,33.423187255859375,6.079191207885742,0.4542282223701477
11,399,0.07590346038341522,0.09221536666154861,0.9667137861251831,2824.0,2824.0,50.0,1.6698459386825562,33.44183349609375,6.100858211517334,0.4578220248222351,0.01348104141652584,0.01675616018474102,0.9961846470832825,2621.0,2621.0,50.0,0.38461896777153015,36.2236328125,7.176011562347412,0.46939828991889954,0.2993927299976349,0.2752203643321991,0.8644444942474365,900.0,900.0,50.0,5.889618396759033,25.99308204650879,3.2023887634277344,0.4017815887928009,1.3762176036834717,1.5697945356369019,0.3636362850666046,55.0,55.0,36.0,20.173845291137695,18.319637298583984,2.0771920680999756,0.41847842931747437,0.0929422602057457,0.09294227510690689,0.9592187404632568,8408.4345703125,0.42042172851562504,1.8959295749664307,33.40363311767578,6.098991394042969,0.4543440639972687
11,449,0.07566007226705551,0.06461793184280396,0.9682767391204834,2774.0,2774.0,50.0,1.6182066202163696,33.500816345214844,6.0889973640441895,0.4575071930885315,0.014995952136814594,0.014534995891153812,0.9973654747009277,2657.0,2657.0,50.0,0.4262945055961609,36.208961486816406,7.126447677612305,0.4700738489627838,0.2994481325149536,0.2730724513530731,0.8850829005241394,905.0,905.0,50.0,5.621092319488525,26.161325454711914,3.3045661449432373,0.4003121554851532,1.0553066730499268,1.0684332847595215,0.53125,64.0,64.0,38.0,16.75963592529297,16.657217025756836,2.0414836406707764,0.4224684238433838,0.09191649407148361,0.09191647917032242,0.9642186760902405,8408.3515625,0.420417578125,1.8408241271972656,33.4188346862793,6.0854902267456055,0.45428621768951416
11,499,0.09140237420797348,0.10061225295066833,0.9628320336341858,2825.0,2825.0,50.0,1.7882784605026245,33.47077560424805,6.126577377319336,0.45825523138046265,0.016553198918700218,0.018413729965686798,0.996164083480835,2607.0,2607.0,50.0,0.4607130289077759,36.17768096923828,6.986412525177002,0.47010499238967896,0.2427300363779068,0.21289339661598206,0.893129825592041,917.0,917.0,50.0,4.987228870391846,26.664310455322266,3.411900043487549,0.4000821113586426,1.112363338470459,1.0567283630371094,0.5490196943283081,51.0,51.0,31.0,17.167543411254883,19.9993839263916,2.124188184738159,0.41989701986312866,0.09073124080896378,0.09073122590780258,0.9631251096725464,8408.26953125,0.4204134765625,1.8284060955047607,33.49082946777344,6.05596923828125,0.4544413685798645
11,549,0.07503718137741089,0.07940054684877396,0.9681574702262878,2795.0,2795.0,50.0,1.6142319440841675,33.665802001953125,6.09268856048584,0.4593345522880554,0.015199940651655197,0.01890457049012184,0.9965317249298096,2595.0,2595.0,50.0,0.43410199880599976,36.22903823852539,7.103789329528809,0.47015517950057983,0.23608489334583282,0.22330963611602783,0.9076600074768066,953.0,953.0,50.0,5.144205570220947,25.573394775390625,3.199096441268921,0.39871054887771606,1.4019898176193237,1.2488715648651123,0.38596487045288086,57.0,57.0,37.0,19.94001579284668,18.972042083740234,2.2063679695129395,0.4308789074420929,0.0865742415189743,0.08657423406839371,0.96546870470047,8408.189453125,0.42040947265625,1.8245751857757568,33.369239807128906,6.037172317504883,0.45444124937057495
11,599,0.08577238768339157,0.07736890017986298,0.9647017121315002,2748.0,2748.0,50.0,1.7219382524490356,33.513004302978516,6.080448627471924,0.4577113687992096,0.01783173531293869,0.02373233251273632,0.9955223202705383,2680.0,2680.0,50.0,0.46021270751953125,36.215087890625,7.1407670974731445,0.47022315859794617,0.27794626355171204,0.2804020345211029,0.8859648704528809,912.0,912.0,50.0,5.620530128479004,25.766008377075195,3.249119281768799,0.3987817168235779,0.9531990885734558,0.7522754073143005,0.5,60.0,60.0,37.0,16.967451095581055,14.57429313659668,1.8494161367416382,0.421246200799942,0.09283912926912308,0.09283914417028427,0.9620312452316284,8408.10546875,0.4204052734375,1.8920667171478271,33.36300277709961,6.081326484680176,0.45421135425567627
11,649,0.09019769728183746,0.08551467955112457,0.9656250476837158,2880.0,2880.0,50.0,1.7664616107940674,33.461124420166016,6.021650791168213,0.4578043222427368,0.02091081254184246,0.02102857641875744,0.9935338497161865,2629.0,2629.0,50.0,0.5294217467308044,36.03586196899414,7.064052104949951,0.46906155347824097,0.2278205156326294,0.23185628652572632,0.9033414721488953,838.0,838.0,50.0,5.07304048538208,25.778778076171875,3.2926337718963623,0.3989951014518738,1.3173061609268188,1.213051676750183,0.47169816493988037,53.0,53.0,34.0,18.553647994995117,18.68349266052246,2.234229564666748,0.413231760263443,0.08991791307926178,0.08991792798042297,0.9648439288139343,8408.0244140625,0.420401220703125,1.8302828073501587,33.39049530029297,6.061154365539551,0.45435914397239685
11,699,0.07762019336223602,0.07745971530675888,0.9667961001396179,2831.0,2831.0,50.0,1.6508212089538574,33.4163703918457,6.210350513458252,0.45751070976257324,0.014220202341675758,0.014117858372628689,0.9958207607269287,2632.0,2632.0,50.0,0.39837250113487244,36.2451171875,7.257672309875488,0.46950650215148926,0.2937799394130707,0.3318093419075012,0.8773902058601379,889.0,889.0,50.0,5.955147743225098,25.498506546020508,3.1570916175842285,0.4007100462913513,1.6114895343780518,1.3847839832305908,0.2708333432674408,48.0,48.0,31.0,21.297237396240234,18.541261672973633,2.238384485244751,0.42030778527259827,0.0930769219994545,0.0930769145488739,0.9610937833786011,8407.94140625,0.4203970703125,1.880997657775879,33.368289947509766,6.187154769897461,0.4542750120162964
11,749,0.08641760051250458,0.09268242120742798,0.9622379541397095,2860.0,2860.0,50.0,1.8107566833496094,33.29413986206055,6.126502990722656,0.4578849673271179,0.011496747843921185,0.009443649090826511,0.9981074929237366,2642.0,2642.0,50.0,0.33555087447166443,36.28252410888672,7.1981024742126465,0.46846312284469604,0.25249767303466797,0.24754399061203003,0.8849347233772278,843.0,843.0,50.0,5.273279190063477,26.144824981689453,3.3268954753875732,0.399478018283844,1.1910755634307861,1.2839975357055664,0.4727272689342499,55.0,55.0,33.0,17.359649658203125,20.99811363220215,2.2332005500793457,0.42759281396865845,0.086858369410038,0.0868583470582962,0.9626563787460327,8407.859375,0.42039296875000004,1.7914758920669556,33.48041534423828,6.166653633117676,0.45429813861846924
11,799,0.0792073979973793,0.0714474469423294,0.9686409831047058,2870.0,2870.0,50.0,1.6465296745300293,33.51146697998047,6.239701271057129,0.45760414004325867,0.015433233231306076,0.010495024733245373,0.9965701103210449,2624.0,2624.0,50.0,0.4230343997478485,36.112449645996094,7.261964797973633,0.46836450695991516,0.29934996366500854,0.26971471309661865,0.869767427444458,860.0,860.0,50.0,5.977426528930664,25.76021957397461,3.224010705947876,0.402274489402771,1.194239854812622,1.3096323013305664,0.5434781908988953,46.0,46.0,29.0,17.282724380493164,16.823394775390625,2.127039909362793,0.41576912999153137,0.09065592288970947,0.09065594524145126,0.9637500047683716,8407.7763671875,0.420388818359375,1.8392460346221924,33.416351318359375,6.22403621673584,0.454280287027359
11,849,0.08408161252737045,0.10917319357395172,0.9651204943656921,2781.0,2781.0,50.0,1.7034600973129272,33.65439987182617,6.236939430236816,0.45917809009552,0.01887969672679901,0.01828237622976303,0.9921111464500427,2662.0,2662.0,50.0,0.495633602142334,36.08073806762695,7.220658779144287,0.46895670890808105,0.2889578342437744,0.23261088132858276,0.8902576565742493,893.0,893.0,50.0,5.404205799102783,26.170629501342773,3.283836603164673,0.39775320887565613,1.6420414447784424,1.9161500930786133,0.3750000298023224,64.0,64.0,33.0,20.480628967285156,20.341882705688477,2.4211807250976562,0.41868752241134644,0.10112792998552322,0.10112792253494263,0.9600000381469727,8407.6923828125,0.420384619140625,1.9052211046218872,33.48625946044922,6.195897579193115,0.45426976680755615
11,899,0.0839739665389061,0.07763054221868515,0.9617697596549988,2825.0,2825.0,50.0,1.7390756607055664,33.525238037109375,6.237905025482178,0.4583582282066345,0.012935919687151909,0.010502034798264503,0.9961845874786377,2621.0,2621.0,50.0,0.3705514669418335,36.33274841308594,7.253479957580566,0.4697902500629425,0.29947805404663086,0.33667975664138794,0.8915929794311523,904.0,904.0,50.0,5.919890880584717,24.860197067260742,3.1278605461120605,0.39777541160583496,1.2185031175613403,1.182439923286438,0.4800000786781311,50.0,50.0,33.0,17.411975860595703,15.740248680114746,2.0542349815368652,0.40304261445999146,0.09418511390686035,0.09418512880802155,0.9621874094009399,8407.607421875,0.42038037109375004,1.8916068077087402,33.31211853027344,6.181836128234863,0.4540505111217499
11,949,0.09218460321426392,0.08764971792697906,0.9588131308555603,2865.0,2865.0,50.0,1.8691461086273193,33.38895797729492,6.150763034820557,0.45791393518447876,0.015435528010129929,0.014306634664535522,0.9965277910232544,2592.0,2592.0,50.0,0.42035403847694397,36.279720306396484,7.263963222503662,0.470246821641922,0.27788764238357544,0.271744966506958,0.8970588445663452,884.0,884.0,50.0,5.741580963134766,24.883230209350586,3.1293606758117676,0.39740991592407227,1.4322810173034668,1.6257426738739014,0.4067796766757965,59.0,59.0,38.0,19.426239013671875,20.10009002685547,2.2214009761810303,0.41794025897979736,0.09910547733306885,0.09910547733306885,0.9604686498641968,8407.5263671875,0.420376318359375,1.9791197776794434,33.26235580444336,6.148054122924805,0.4541831314563751
11,999,0.08488035947084427,0.08857760578393936,0.9650126099586487,2801.0,2801.0,50.0,1.705331802368164,33.62568664550781,6.264538764953613,0.45963069796562195,0.01404415164142847,0.014401902444660664,0.9961509108543396,2598.0,2598.0,50.0,0.39199700951576233,36.26197814941406,7.211641311645508,0.4696401059627533,0.2868935465812683,0.25638750195503235,0.8894795179367065,941.0,941.0,50.0,5.621872901916504,25.35916519165039,3.1457173824310303,0.3978270888328552,1.2535151243209839,1.1214947700500488,0.40000003576278687,60.0,60.0,33.0,18.392772674560547,18.180519104003906,2.1716129779815674,0.4107142388820648,0.09678345918655396,0.09678348898887634,0.9612500667572021,8407.443359375,0.42037216796875004,1.90449857711792,33.33562088012695,6.1520676612854,0.45414823293685913
11,1049,0.0791241005063057,0.08327673375606537,0.9692795872688293,2832.0,2832.0,50.0,1.6620595455169678,33.5977668762207,6.129889965057373,0.4587932825088501,0.016964947804808617,0.017665555700659752,0.9950171113014221,2609.0,2609.0,50.0,0.4732738137245178,36.09132766723633,7.132835388183594,0.4696708917617798,0.2656346261501312,0.2722131609916687,0.8886438012123108,907.0,907.0,50.0,5.391390800476074,25.70099639892578,3.1996116638183594,0.397101491689682,1.03500497341156,0.6932955980300903,0.5769232511520386,52.0,52.0,34.0,15.897930145263672,19.155132293701172,2.122757911682129,0.4168718159198761,0.08798310905694962,0.08798310160636902,0.965156078338623,8407.3623046875,0.420368115234375,1.8216261863708496,33.37781524658203,6.090913772583008,0.45414412021636963
11,1099,0.08045075833797455,0.08017605543136597,0.9645289182662964,2791.0,2791.0,50.0,1.7187294960021973,33.47221755981445,6.190959930419922,0.458785742521286,0.016232555732131004,0.014219129458069801,0.9958207011222839,2632.0,2632.0,50.0,0.4543043076992035,36.16668701171875,7.194174766540527,0.47006383538246155,0.29043352603912354,0.28778111934661865,0.8870792388916016,921.0,921.0,50.0,5.699581146240234,25.26825714111328,3.16847825050354,0.3965388536453247,1.1263138055801392,1.025999665260315,0.5178571343421936,56.0,56.0,35.0,16.748960494995117,16.81722068786621,2.0484349727630615,0.417197585105896,0.09341015666723251,0.09341016411781311,0.9623438119888306,8407.28125,0.4203640625,1.90311861038208,33.25398254394531,6.132330894470215,0.45410221815109253
11,1149,0.07891370356082916,0.08071105927228928,0.9685378074645996,2797.0,2797.0,50.0,1.7248907089233398,33.3409423828125,6.110285758972168,0.4586295187473297,0.0154323885217309,0.017996612936258316,0.995414674282074,2617.0,2617.0,50.0,0.4269828200340271,36.22494888305664,7.203022480010986,0.46989157795906067,0.25338196754455566,0.22306612133979797,0.902492105960846,923.0,923.0,50.0,5.156741619110107,25.94435691833496,3.2555932998657227,0.3988777697086334,0.9020973443984985,1.0049669742584229,0.5396826267242432,63.0,63.0,36.0,15.22111988067627,18.27211570739746,2.068380355834961,0.41736966371536255,0.08622056990861893,0.08622060716152191,0.9657813906669617,8407.19921875,0.4203599609375,1.8219587802886963,33.30516815185547,6.105625152587891,0.45421117544174194
11,1199,0.0908694863319397,0.08844791352748871,0.9649874567985535,2799.0,2799.0,50.0,1.8022593259811401,33.34139633178711,6.178413391113281,0.45750293135643005,0.01679420657455921,0.018156901001930237,0.9940720796585083,2699.0,2699.0,50.0,0.44792741537094116,36.158409118652344,7.2397966384887695,0.4697555899620056,0.2537032663822174,0.24970035254955292,0.9083432555198669,851.0,851.0,50.0,5.077369689941406,26.307188034057617,3.291078805923462,0.39771872758865356,1.3428335189819336,1.0799498558044434,0.5098038911819458,51.0,51.0,36.0,17.441768646240234,20.02134132385254,2.2750840187072754,0.4145212769508362,0.0912589430809021,0.0912589430809021,0.9660937786102295,8407.1171875,0.42035585937500003,1.791226863861084,33.48790740966797,6.210988998413086,0.4543781876564026
11,1249,0.07460526376962662,0.07989539206027985,0.9687613844871521,2753.0,2753.0,50.0,1.587867259979248,33.76407241821289,6.3613409996032715,0.4596901834011078,0.014920327812433243,0.01681821048259735,0.9966516494750977,2688.0,2688.0,50.0,0.40031349658966064,36.10810089111328,7.2738237380981445,0.46802929043769836,0.3079201579093933,0.3046998977661133,0.8890106678009033,910.0,910.0,50.0,5.980890274047852,25.340105056762695,3.167452096939087,0.39983323216438293,1.1688604354858398,1.163640022277832,0.4693877398967743,49.0,49.0,31.0,17.783117294311523,17.7580509185791,2.084782123565674,0.41884511709213257,0.09108993411064148,0.09108994901180267,0.9653123617172241,8407.0341796875,0.420351708984375,1.8377225399017334,33.4282341003418,6.2577104568481445,0.4543690085411072
11,1271,0.06049245595932007,0.06034624204039574,0.9796913862228394,1231.0,1231.0,22.0,1.3665642738342285,33.9521484375,6.3760786056518555,0.46092087030410767,0.019445283338427544,0.01835755445063114,0.9954255223274231,1093.0,1093.0,22.0,0.4961506724357605,36.17598342895508,7.238216876983643,0.46955591440200806,0.29280462861061096,0.2807021737098694,0.8809524774551392,420.0,420.0,22.0,5.878066539764404,25.13113021850586,3.210132122039795,0.3986645042896271,1.300168514251709,1.2235716581344604,0.3461538553237915,26.0,26.0,15.0,19.959659576416016,16.643383026123047,1.986633539199829,0.4150846600532532,0.09071438014507294,0.09115604311227798,0.9649820327758789,8406.9990234375,0.420349951171875,1.881686806678772,33.329689025878906,6.195029258728027,0.4544582962989807
12,49,0.08548713475465775,0.08051195740699768,0.9593698978424072,2855.0,2855.0,50.0,1.7410593032836914,33.48888397216797,6.2142510414123535,0.45849668979644775,0.019249439239501953,0.021441834047436714,0.9953542351722717,2583.0,2583.0,50.0,0.5139986872673035,36.11526107788086,7.1608452796936035,0.4700760245323181,0.25697192549705505,0.24368134140968323,0.9052285552024841,918.0,918.0,50.0,5.160743236541748,26.065349578857422,3.2860848903656006,0.3983035087585449,1.3566758632659912,1.2555044889450073,0.4999999403953552,44.0,44.0,31.0,18.6589298248291,18.07554817199707,2.1916792392730713,0.42549559473991394,0.09209079295396805,0.09209078550338745,0.9629688262939453,8406.9150390625,0.420345751953125,1.8526465892791748,33.37809371948242,6.148626327514648,0.4543091654777527
12,99,0.08328841626644135,0.09750069677829742,0.9641852974891663,2848.0,2848.0,50.0,1.725603699684143,33.51280975341797,6.175760269165039,0.4589817225933075,0.015683038160204887,0.018330566585063934,0.9949318170547485,2565.0,2565.0,50.0,0.4163661301136017,36.328670501708984,7.295434474945068,0.4704592227935791,0.28692373633384705,0.2790868878364563,0.8756700754165649,933.0,933.0,50.0,5.714465618133545,25.39667510986328,3.2320568561553955,0.3981003761291504,1.5562748908996582,1.6464611291885376,0.3703703284263611,54.0,54.0,29.0,20.821632385253906,19.230470657348633,2.2380611896514893,0.4188441336154938,0.09830797463655472,0.09830798208713531,0.9585937261581421,8406.8349609375,0.420341748046875,1.943509817123413,33.33766555786133,6.162143707275391,0.45436766743659973
12,149,0.09152405709028244,0.10156680643558502,0.9625350832939148,2856.0,2856.0,50.0,1.8146367073059082,33.55295181274414,6.183994293212891,0.4593753516674042,0.015386199578642845,0.01829891838133335,0.9968895316123962,2572.0,2572.0,50.0,0.41729047894477844,36.18218994140625,7.137364387512207,0.46950969099998474,0.2687623202800751,0.2899820804595947,0.8984548449516296,906.0,906.0,50.0,5.204957008361816,26.117206573486328,3.3694400787353516,0.3977821469306946,1.2565492391586304,0.7054111361503601,0.4545454978942871,66.0,66.0,35.0,17.89864730834961,18.63846778869629,2.147416591644287,0.4118465781211853,0.09803080558776855,0.09803077578544617,0.9620312452316284,8406.75,0.42033750000000003,1.8988869190216064,33.40314865112305,6.127067565917969,0.4542386531829834
12,199,0.07324351370334625,0.06035812944173813,0.9668063521385193,2862.0,2862.0,50.0,1.5786949396133423,33.790435791015625,6.242793560028076,0.46023866534233093,0.017034608870744705,0.012083158828318119,0.995756208896637,2592.0,2592.0,50.0,0.4723147749900818,36.04866409301758,7.177767276763916,0.46902912855148315,0.26248791813850403,0.2594195008277893,0.8862876296043396,897.0,897.0,50.0,5.374013423919678,25.493070602416992,3.2600862979888916,0.39545872807502747,1.2980808019638062,1.4196139574050903,0.4693876802921295,49.0,49.0,30.0,17.650896072387695,17.494548797607422,2.198387861251831,0.40607428550720215,0.08638033270835876,0.08638035506010056,0.9634374976158142,8406.6689453125,0.420333447265625,1.7856013774871826,33.41732406616211,6.17244815826416,0.4543048143386841
12,249,0.07673564553260803,0.05713009089231491,0.9690250754356384,2841.0,2841.0,50.0,1.5879677534103394,33.72506332397461,6.263031959533691,0.4588114023208618,0.01398977730423212,0.012450155802071095,0.9969777464866638,2647.0,2647.0,50.0,0.4055221974849701,36.061702728271484,7.20167875289917,0.4684702455997467,0.2735867202281952,0.2748357355594635,0.8850173354148865,861.0,861.0,50.0,5.664499282836914,25.397092819213867,3.172084331512451,0.3981408476829529,0.9326668977737427,1.2294371128082275,0.5490196347236633,51.0,51.0,32.0,15.46790885925293,17.461193084716797,2.008650779724121,0.4211527407169342,0.08408764749765396,0.08408766984939575,0.9659374952316284,8406.5859375,0.42032929687500004,1.7579421997070312,33.441505432128906,6.201519012451172,0.4543440341949463
12,299,0.08517917990684509,0.08521684259176254,0.9632248282432556,2828.0,2828.0,50.0,1.7242873907089233,33.49043655395508,6.221138000488281,0.45858463644981384,0.01241297833621502,0.012672113254666328,0.9980649948120117,2584.0,2584.0,50.0,0.35882747173309326,36.271392822265625,7.286753177642822,0.4702375829219818,0.249244824051857,0.2423100471496582,0.9088936448097229,922.0,922.0,50.0,5.192838668823242,26.056299209594727,3.2744505405426025,0.3998030126094818,1.1285512447357178,1.047467827796936,0.5,66.0,66.0,32.0,16.484012603759766,18.462182998657227,2.245419979095459,0.4138392508029938,0.09019529819488525,0.09019530564546585,0.9646874666213989,8406.5048828125,0.420325244140625,1.824880838394165,33.387290954589844,6.185873508453369,0.45435982942581177
12,349,0.08106649667024612,0.07725775986909866,0.962424635887146,2821.0,2821.0,50.0,1.7690215110778809,33.411102294921875,6.179811954498291,0.45912495255470276,0.01785939745604992,0.017666742205619812,0.9954972863197327,2665.0,2665.0,50.0,0.46095603704452515,36.05292892456055,7.174921989440918,0.4682300388813019,0.25975748896598816,0.23826910555362701,0.9033761620521545,859.0,859.0,50.0,5.3710832595825195,25.744674682617188,3.2712857723236084,0.39877253770828247,0.7654432654380798,0.8485316634178162,0.6909089684486389,55.0,55.0,34.0,13.394768714904785,17.53196144104004,2.054824113845825,0.40851151943206787,0.08461171388626099,0.08461171388626099,0.9659374952316284,8406.423828125,0.42032119140625,1.8077079057693481,33.345733642578125,6.168354034423828,0.45438098907470703
12,399,0.07816870510578156,0.07554924488067627,0.9687499403953552,2880.0,2880.0,50.0,1.6229184865951538,33.65977478027344,6.298959255218506,0.45882463455200195,0.014897080138325691,0.019062643870711327,0.9961316585540771,2585.0,2585.0,50.0,0.4048052430152893,36.21212387084961,7.376772880554199,0.47002387046813965,0.28239309787750244,0.22751791775226593,0.8887640237808228,890.0,890.0,50.0,5.623676300048828,25.534576416015625,3.21235728263855,0.3962640166282654,1.0122814178466797,1.159300446510315,0.5777778029441833,45.0,45.0,32.0,15.716073036193848,16.114656448364258,2.049593687057495,0.4128415286540985,0.08758081495761871,0.08758082985877991,0.9659374952316284,8406.341796875,0.42031708984375005,1.7863627672195435,33.437408447265625,6.275185585021973,0.4543249011039734
12,449,0.08287982642650604,0.08872108906507492,0.9641113877296448,2870.0,2870.0,50.0,1.7043100595474243,33.56976318359375,6.289892196655273,0.4584996998310089,0.01240810938179493,0.012446564622223377,0.9976869821548462,2594.0,2594.0,50.0,0.3617003262042999,36.25297164916992,7.350590705871582,0.46940428018569946,0.2509765923023224,0.24002991616725922,0.8939564228057861,877.0,877.0,50.0,5.31844425201416,25.61677360534668,3.254002571105957,0.3983818292617798,1.3455157279968262,1.4130123853683472,0.3559322655200958,59.0,59.0,29.0,19.14505386352539,19.175647735595703,2.156790018081665,0.4165570139884949,0.0889912098646164,0.0889911949634552,0.9624999165534973,8406.259765625,0.42031298828125,1.8161647319793701,33.43479919433594,6.265692710876465,0.4542948007583618
12,499,0.07179038226604462,0.06595028191804886,0.9671961069107056,2896.0,2896.0,50.0,1.606200933456421,33.47294616699219,6.320184230804443,0.45879775285720825,0.014755298383533955,0.010781350545585155,0.995356023311615,2584.0,2584.0,50.0,0.40498214960098267,36.130393981933594,7.376368999481201,0.4681079685688019,0.3104362189769745,0.2992091178894043,0.8890162110328674,874.0,874.0,50.0,5.665215492248535,26.064496994018555,3.2078444957733154,0.40132376551628113,1.4590779542922974,1.6300079822540283,0.32608699798583984,46.0,46.0,33.0,19.150739669799805,19.973411560058594,2.3137192726135254,0.41993024945259094,0.09132367372512817,0.09132367372512817,0.9632812142372131,8406.1796875,0.420308984375,1.801619291305542,33.4371452331543,6.292793273925781,0.4544285833835602
12,549,0.0821765586733818,0.09004002064466476,0.9639139771461487,2882.0,2882.0,50.0,1.6813313961029053,33.72763442993164,6.332681655883789,0.45950260758399963,0.013654500246047974,0.0173638965934515,0.9969266653060913,2603.0,2603.0,50.0,0.3867558240890503,36.10799026489258,7.280216217041016,0.4678698182106018,0.2787573039531708,0.23255260288715363,0.8943090438842773,861.0,861.0,50.0,5.5646467208862305,25.58156967163086,3.2435476779937744,0.400092214345932,1.3172941207885742,1.368330955505371,0.444444477558136,54.0,54.0,34.0,18.87386131286621,16.98763656616211,2.1232612133026123,0.4188292324542999,0.09117491543292999,0.09117491543292999,0.9635938405990601,8406.095703125,0.42030478515625,1.822292447090149,33.45862579345703,6.2669596672058105,0.4545699656009674
12,599,0.08342631906270981,0.0825873389840126,0.9656639695167542,2825.0,2825.0,50.0,1.6511179208755493,33.62190628051758,6.331614971160889,0.4586908519268036,0.012013937346637249,0.013607700355350971,0.9969487190246582,2622.0,2622.0,50.0,0.33798617124557495,36.263545989990234,7.3429179191589355,0.4689716696739197,0.26489371061325073,0.22209063172340393,0.8984549641609192,906.0,906.0,50.0,5.414907455444336,25.87079429626465,3.241769790649414,0.40047687292099,0.9509786367416382,0.9369449615478516,0.5106382966041565,47.0,47.0,32.0,16.444046020507812,17.668195724487305,1.8986144065856934,0.42200708389282227,0.08622962981462479,0.08622962236404419,0.9656250476837158,8406.013671875,0.42030068359375,1.7545912265777588,33.48972702026367,6.27597188949585,0.4543924927711487
12,649,0.07532870024442673,0.0801829993724823,0.9667620062828064,2798.0,2798.0,50.0,1.6179049015045166,33.623050689697266,6.317158222198486,0.45973390340805054,0.014470269903540611,0.015824513509869576,0.9954733848571777,2651.0,2651.0,50.0,0.40068796277046204,36.140750885009766,7.2745866775512695,0.4681343138217926,0.2926670014858246,0.2522520422935486,0.8891353011131287,902.0,902.0,50.0,5.629803657531738,25.862916946411133,3.3244690895080566,0.3991023600101471,1.4517217874526978,1.6940566301345825,0.4081632196903229,49.0,49.0,29.0,19.58074378967285,18.168006896972656,2.1575868129730225,0.41758865118026733,0.09128913283348083,0.09128913283348083,0.9634374976158142,8405.931640625,0.42029658203125003,1.816665768623352,33.45391082763672,6.2601141929626465,0.45434558391571045
12,699,0.07263575494289398,0.06248733401298523,0.9688073992729187,2725.0,2725.0,50.0,1.5268574953079224,33.80173873901367,6.294022560119629,0.45923441648483276,0.014059255830943584,0.013903377577662468,0.9963289499282837,2724.0,2724.0,50.0,0.4032852053642273,36.08686065673828,7.243270397186279,0.4683416783809662,0.26086416840553284,0.291687935590744,0.8973215222358704,896.0,896.0,50.0,5.035261631011963,26.70659828186035,3.3515331745147705,0.3991045653820038,0.9766624569892883,0.9046128392219543,0.6000000238418579,55.0,55.0,34.0,14.989729881286621,17.180004119873047,2.0978245735168457,0.41330257058143616,0.08182511478662491,0.08182509243488312,0.967343807220459,8405.84765625,0.42029238281250003,1.6555101871490479,33.638179779052734,6.250036716461182,0.4542977809906006
12,749,0.08096593618392944,0.09406522661447525,0.9686712026596069,2777.0,2777.0,50.0,1.6779297590255737,33.586814880371094,6.242347240447998,0.458271861076355,0.01713479869067669,0.018344391137361526,0.9947211146354675,2652.0,2652.0,50.0,0.4653293192386627,36.13540267944336,7.256867408752441,0.47031256556510925,0.25741299986839294,0.20777496695518494,0.9003250598907471,923.0,923.0,50.0,5.345724582672119,25.683198928833008,3.2562026977539062,0.39891985058784485,1.1205565929412842,1.3245543241500854,0.4583333730697632,48.0,48.0,28.0,17.245214462280273,17.56587791442871,2.0743930339813232,0.41962143778800964,0.08775985985994339,0.08775980770587921,0.9657813310623169,8405.765625,0.42028828125,1.8211779594421387,33.38288116455078,6.200821876525879,0.45441168546676636
12,799,0.09110648185014725,0.08049313724040985,0.9585585594177246,2775.0,2775.0,50.0,1.857093095779419,33.31679153442383,6.273849964141846,0.45757856965065,0.014300325885415077,0.011001321487128735,0.9966152310371399,2659.0,2659.0,50.0,0.38865968585014343,36.34872055053711,7.402027130126953,0.47039759159088135,0.2786632776260376,0.3287295699119568,0.8787209391593933,907.0,907.0,50.0,5.566866397857666,25.930673599243164,3.281968832015991,0.4009242355823517,1.49022376537323,1.4533478021621704,0.3898305594921112,59.0,59.0,33.0,19.37026023864746,17.51544189453125,2.2442128658294678,0.41372379660606384,0.09867434203624725,0.09867434948682785,0.957812488079071,8405.68359375,0.42028417968750004,1.9341988563537598,33.3840446472168,6.281418323516846,0.4544712007045746
12,849,0.07163891941308975,0.0721745640039444,0.9716981649398804,2756.0,2756.0,50.0,1.5507482290267944,33.587547302246094,6.198914527893066,0.45808643102645874,0.016943203285336494,0.018684204667806625,0.9940475821495056,2688.0,2688.0,50.0,0.4456726312637329,36.11869430541992,7.27850866317749,0.46939218044281006,0.27668607234954834,0.25174540281295776,0.8834842443466187,884.0,884.0,50.0,5.478668212890625,25.970643997192383,3.3348641395568848,0.400519996881485,1.0509005784988403,1.2421550750732422,0.48611119389533997,72.0,72.0,39.0,16.086244583129883,20.646060943603516,2.235086679458618,0.4201439321041107,0.08800555765628815,0.08800555765628815,0.9634374380111694,8405.6025390625,0.420280126953125,1.7926846742630005,33.45295333862305,6.212153911590576,0.454456627368927
12,899,0.09247341752052307,0.0951123982667923,0.9612995386123657,2739.0,2739.0,50.0,1.8012316226959229,33.45732498168945,6.179449081420898,0.45755067467689514,0.01583295874297619,0.011802625842392445,0.9956028461456299,2729.0,2729.0,50.0,0.4261900782585144,36.18448257446289,7.231335163116455,0.46989747881889343,0.2403852790594101,0.23632031679153442,0.9121003150939941,876.0,876.0,50.0,4.933185577392578,26.303190231323242,3.38529634475708,0.39892739057540894,1.138219952583313,0.8816201090812683,0.5535715222358704,56.0,56.0,32.0,16.036624908447266,19.388851165771484,2.209855079650879,0.4172217547893524,0.08918916434049606,0.08918917179107666,0.9656249284744263,8405.5166015625,0.420275830078125,1.7681511640548706,33.517879486083984,6.210796356201172,0.4544385075569153
12,949,0.07867290824651718,0.07477612048387527,0.9672596454620361,2810.0,2810.0,50.0,1.6407526731491089,33.49256896972656,6.2419514656066895,0.4578552544116974,0.013383105397224426,0.015134460292756557,0.9973159432411194,2608.0,2608.0,50.0,0.38756105303764343,36.338096618652344,7.351956844329834,0.47076261043548584,0.29856258630752563,0.2281339019536972,0.8782327175140381,928.0,928.0,50.0,5.824418544769287,25.56386947631836,3.24139404296875,0.39971283078193665,1.0545568466186523,1.2970235347747803,0.4999999701976776,54.0,54.0,32.0,16.40117835998535,18.299964904785156,2.0570924282073975,0.42249807715415955,0.0921853631734848,0.09218533337116241,0.9626561403274536,8405.4375,0.420271875,1.8612496852874756,33.374271392822266,6.223887920379639,0.45438602566719055
12,999,0.07351620495319366,0.07461880892515182,0.9708424210548401,2778.0,2778.0,50.0,1.591554880142212,33.62626266479492,6.240630149841309,0.45904815196990967,0.01693987101316452,0.014662526547908783,0.9957626461982727,2596.0,2596.0,50.0,0.44863125681877136,36.178810119628906,7.327725410461426,0.4700107276439667,0.25024959444999695,0.25832822918891907,0.8928939700126648,971.0,971.0,50.0,5.426339149475098,25.503395080566406,3.2448625564575195,0.40117213129997253,1.2995448112487793,1.3994958400726318,0.4545454978942871,55.0,55.0,35.0,18.224628448486328,19.0001163482666,2.2318572998046875,0.4204765558242798,0.08791738003492355,0.08791738003492355,0.9646874666213989,8405.353515625,0.42026767578125,1.852705717086792,33.30355453491211,6.192618370056152,0.4543824791908264
12,1049,0.08972123265266418,0.08307850360870361,0.9605028033256531,2785.0,2785.0,50.0,1.8521672487258911,33.24226760864258,6.10796594619751,0.45729467272758484,0.02013925462961197,0.01597708836197853,0.9925897717475891,2699.0,2699.0,50.0,0.5147379040718079,36.03476333618164,7.20134162902832,0.46949732303619385,0.26886001229286194,0.2824335992336273,0.8943743705749512,871.0,871.0,50.0,5.383883953094482,25.965618133544922,3.339216470718384,0.40083616971969604,1.2764818668365479,1.7061275243759155,0.555555522441864,45.0,45.0,33.0,17.603322982788086,20.138059616088867,2.197927474975586,0.42109382152557373,0.09310127049684525,0.09310128539800644,0.9621875286102295,8405.271484375,0.42026357421875005,1.8795430660247803,33.33747100830078,6.164761543273926,0.45450258255004883
12,1099,0.07352335751056671,0.06353363394737244,0.9681801795959473,2797.0,2797.0,50.0,1.5353491306304932,33.72134780883789,6.33189058303833,0.4590463638305664,0.015866877511143684,0.01693814806640148,0.9958863258361816,2674.0,2674.0,50.0,0.41473588347435,36.071372985839844,7.243162155151367,0.4676486849784851,0.24563060700893402,0.23250460624694824,0.8917996287345886,878.0,878.0,50.0,5.215088844299316,26.03215217590332,3.3094263076782227,0.4015256464481354,1.3014286756515503,1.3110630512237549,0.47058817744255066,51.0,51.0,31.0,17.32021141052246,18.60362434387207,2.3416175842285156,0.4173833131790161,0.08282958716154099,0.08282959461212158,0.9653124809265137,8405.19140625,0.4202595703125,1.6977427005767822,33.52788543701172,6.2661895751953125,0.4544174075126648
12,1149,0.08662503957748413,0.08723398298025131,0.966035008430481,2797.0,2797.0,50.0,1.7575836181640625,33.42601776123047,6.187023162841797,0.45822861790657043,0.015406575053930283,0.015445200726389885,0.9946767091751099,2630.0,2630.0,50.0,0.4224161207675934,36.201904296875,7.343970775604248,0.46974989771842957,0.2884368896484375,0.23807984590530396,0.8756816387176514,917.0,917.0,50.0,5.824092388153076,25.613548278808594,3.2701311111450195,0.4015953540802002,1.4434889554977417,1.128684401512146,0.3749999403953552,56.0,56.0,34.0,19.31136703491211,17.46729850769043,2.1948370933532715,0.41222095489501953,0.09814713150262833,0.09814711660146713,0.9596874117851257,8405.107421875,0.42025537109375,1.9451632499694824,33.307716369628906,6.209589004516602,0.45444607734680176
12,1199,0.0903601422905922,0.09306643158197403,0.9616332054138184,2841.0,2841.0,50.0,1.7811256647109985,33.4561767578125,6.151491641998291,0.45850229263305664,0.01698586530983448,0.015914928168058395,0.9949378371238708,2568.0,2568.0,50.0,0.43976399302482605,36.329925537109375,7.307869911193848,0.4714922308921814,0.26345494389533997,0.2521626055240631,0.8963282704353333,926.0,926.0,50.0,5.311951160430908,25.87275505065918,3.275773525238037,0.39652711153030396,1.3671963214874268,1.4666242599487305,0.4153846800327301,65.0,65.0,38.0,19.017934799194336,16.83614158630371,2.1574230194091797,0.4192695915699005,0.09893124550580978,0.09893123805522919,0.9600000381469727,8405.0244140625,0.42025122070312504,1.9288320541381836,33.34324645996094,6.158843040466309,0.45434901118278503
12,1249,0.0946049913764,0.09915674477815628,0.9592058062553406,2770.0,2770.0,50.0,1.8808767795562744,33.39010238647461,6.202266216278076,0.4590124487876892,0.012605971656739712,0.010585123673081398,0.9984951019287109,2658.0,2658.0,50.0,0.3719218373298645,36.19775390625,7.233184337615967,0.4696723520755768,0.25828665494918823,0.20618772506713867,0.8953745365142822,908.0,908.0,50.0,5.146942615509033,26.001903533935547,3.3420374393463135,0.3967091739177704,1.0782077312469482,0.8506290912628174,0.515625,64.0,64.0,35.0,17.547306060791016,17.44443130493164,2.0261921882629395,0.427613228559494,0.09360814839601517,0.09360814094543457,0.9620313048362732,8404.9404296875,0.42024702148437504,1.8742263317108154,33.3484992980957,6.182864189147949,0.4542863965034485
12,1271,0.0774758979678154,0.07836498320102692,0.9728840589523315,1217.0,1217.0,22.0,1.6056421995162964,33.5687141418457,6.202521800994873,0.4589591920375824,0.019975906237959862,0.016500571742653847,0.9947460889816284,1142.0,1142.0,22.0,0.5060827136039734,36.127418518066406,7.306800365447998,0.47061675786972046,0.27555882930755615,0.2964043915271759,0.8766065835952759,389.0,389.0,22.0,5.619616508483887,25.210235595703125,3.217712879180908,0.39518070220947266,0.8913156390190125,0.9750903248786926,0.5454545617103577,22.0,22.0,12.0,15.035955429077148,17.434934616088867,1.9406952857971191,0.40985846519470215,0.08834312111139297,0.08805125951766968,0.9649819135665894,8404.9052734375,0.42024526367187504,1.8226840496063232,33.3216552734375,6.20477294921875,0.45441871881484985
13,49,0.08401930332183838,0.07937727868556976,0.965132474899292,2868.0,2868.0,50.0,1.7682031393051147,33.39122009277344,6.144651412963867,0.45833486318588257,0.015781821683049202,0.01666870526969433,0.9962249398231506,2649.0,2649.0,50.0,0.43052220344543457,36.09895324707031,7.292938709259033,0.46936237812042236,0.25685811042785645,0.2335151880979538,0.8900836110115051,837.0,837.0,50.0,5.3803935050964355,25.453495025634766,3.210017204284668,0.3955835700035095,1.3648357391357422,1.31517493724823,0.3478260636329651,46.0,46.0,34.0,19.335636138916016,17.244094848632812,2.101060390472412,0.41156476736068726,0.08758534491062164,0.08758533000946045,0.9637500047683716,8404.8232421875,0.420241162109375,1.8132013082504272,33.35780334472656,6.207076072692871,0.4543563723564148
13,99,0.0702880248427391,0.06538256257772446,0.9727048277854919,2821.0,2821.0,50.0,1.5173407793045044,33.645626068115234,6.353239059448242,0.45831605792045593,0.014559535309672356,0.011330855078995228,0.9973899722099304,2682.0,2682.0,50.0,0.41450563073158264,36.145713806152344,7.35659122467041,0.4691607654094696,0.2595341205596924,0.28678712248802185,0.8921454548835754,853.0,853.0,50.0,5.439570426940918,25.254467010498047,3.2005295753479004,0.39588701725006104,1.186879277229309,1.4119065999984741,0.5454545617103577,44.0,44.0,27.0,16.743104934692383,18.10832977294922,2.2235381603240967,0.4169444441795349,0.07983381301164627,0.07983382046222687,0.9693750143051147,8404.7421875,0.42023710937500003,1.6826207637786865,33.468116760253906,6.325117588043213,0.4542555809020996
13,149,0.0693630501627922,0.06546241790056229,0.9689619541168213,2803.0,2803.0,50.0,1.536452293395996,33.59790802001953,6.380258560180664,0.45901554822921753,0.012082472443580627,0.012581168673932552,0.9965792298316956,2631.0,2631.0,50.0,0.3320840299129486,36.30249786376953,7.413787364959717,0.46932846307754517,0.28610533475875854,0.3229306638240814,0.875693678855896,901.0,901.0,50.0,5.7922539710998535,25.471939086914062,3.156730890274048,0.39970603585243225,1.3883230686187744,1.2771860361099243,0.4307692348957062,65.0,65.0,37.0,19.244186401367188,16.720779418945312,2.131483793258667,0.41578245162963867,0.08972427248954773,0.08972430229187012,0.9617187976837158,8404.66015625,0.4202330078125,1.820325255393982,33.39435577392578,6.308172225952148,0.45446640253067017
13,199,0.07320646196603775,0.06371062248945236,0.9676844477653503,2816.0,2816.0,50.0,1.5974336862564087,33.57978057861328,6.286874771118164,0.45896753668785095,0.016181133687496185,0.013887783512473106,0.9958444237709045,2647.0,2647.0,50.0,0.4393810033798218,36.141788482666016,7.235389709472656,0.46933692693710327,0.22020797431468964,0.2560472786426544,0.9158133268356323,879.0,879.0,50.0,4.644907474517822,26.596660614013672,3.4686057567596436,0.397020161151886,0.9416312575340271,0.9811774492263794,0.5689654350280762,58.0,58.0,35.0,15.814891815185547,17.46573257446289,1.9700932502746582,0.41710424423217773,0.07768098264932632,0.07768097519874573,0.9685937166213989,8404.580078125,0.42022900390625,1.665867567062378,33.53428649902344,6.252982139587402,0.4543687701225281
13,249,0.07266893982887268,0.061772216111421585,0.9711906909942627,2881.0,2881.0,50.0,1.5184011459350586,33.87818145751953,6.362120628356934,0.4604218602180481,0.013550326228141785,0.017617372795939445,0.9967988133430481,2499.0,2499.0,50.0,0.37567654252052307,36.28303909301758,7.40149450302124,0.4700363874435425,0.2800784409046173,0.29675957560539246,0.8722740411758423,963.0,963.0,50.0,5.457354545593262,25.69548797607422,3.33309268951416,0.3988696038722992,1.4902496337890625,1.504638671875,0.38596490025520325,57.0,57.0,32.0,20.023330688476562,17.561935424804688,2.1748406887054443,0.4184627830982208,0.09341894835233688,0.09341894835233688,0.9610937833786011,8404.498046875,0.42022490234375004,1.8297019004821777,33.44064712524414,6.274896621704102,0.4545406103134155
13,299,0.09034907072782516,0.08470461517572403,0.9626917243003845,2868.0,2868.0,50.0,1.7971659898757935,33.53113555908203,6.282725811004639,0.459351122379303,0.0153559111058712,0.016469726338982582,0.996105968952179,2568.0,2568.0,50.0,0.43290087580680847,36.09148406982422,7.241875171661377,0.46877241134643555,0.25810202956199646,0.27263739705085754,0.9024123549461365,912.0,912.0,50.0,5.215057373046875,26.2580623626709,3.374967336654663,0.4009394645690918,0.8397462964057922,1.1338564157485962,0.5961537957191467,52.0,52.0,32.0,14.58829402923584,16.989273071289062,1.9913618564605713,0.413839727640152,0.09025175869464874,0.09025171399116516,0.9645313024520874,8404.4150390625,0.420220751953125,1.8407320976257324,33.38766098022461,6.218361854553223,0.4544379711151123
13,349,0.08197899162769318,0.08676092326641083,0.9661136865615845,2833.0,2833.0,50.0,1.658168911933899,33.58660125732422,6.245202541351318,0.4590911865234375,0.017446253448724747,0.018346356227993965,0.9939234256744385,2633.0,2633.0,50.0,0.45524370670318604,36.003597259521484,7.307423114776611,0.4679853618144989,0.25204333662986755,0.2551558017730713,0.8980525135993958,873.0,873.0,50.0,5.181164741516113,26.196640014648438,3.35107421875,0.4003853499889374,1.1995822191238403,1.1999211311340332,0.4754098951816559,61.0,61.0,35.0,18.20721435546875,19.706104278564453,2.098954677581787,0.4247743487358093,0.08927980065345764,0.08927981555461884,0.9635938405990601,8404.33203125,0.4202166015625,1.8015697002410889,33.440635681152344,6.247910499572754,0.45441538095474243
13,399,0.08039744943380356,0.08035803586244583,0.9649057388305664,2764.0,2764.0,50.0,1.6521588563919067,33.8482551574707,6.3532609939575195,0.4604429602622986,0.016196951270103455,0.0182474497705698,0.9954853653907776,2658.0,2658.0,50.0,0.43370428681373596,36.0655403137207,7.279638767242432,0.4683179557323456,0.2773049771785736,0.2729332447052002,0.8857454657554626,919.0,919.0,50.0,5.293867588043213,26.31004524230957,3.4217569828033447,0.39786654710769653,1.1849091053009033,1.312399983406067,0.5084747076034546,59.0,59.0,36.0,17.169843673706055,18.517343521118164,2.1795742511749268,0.42375239729881287,0.09219108521938324,0.09219108521938324,0.9620311260223389,8404.2509765625,0.42021254882812503,1.8120996952056885,33.54534912109375,6.278575420379639,0.454389750957489
13,449,0.08009294420480728,0.07579521834850311,0.9645920991897583,2796.0,2796.0,50.0,1.71006441116333,33.513916015625,6.304787635803223,0.4592769145965576,0.015167614445090294,0.017079312354326248,0.9965621829032898,2618.0,2618.0,50.0,0.40441685914993286,36.160160064697266,7.3426055908203125,0.4691278040409088,0.24342092871665955,0.2463347315788269,0.9030501246452332,918.0,918.0,50.0,5.101975917816162,25.942914962768555,3.35923171043396,0.3999101519584656,1.2735989093780518,1.310594081878662,0.45588234066963196,68.0,68.0,35.0,17.13365936279297,20.618356704711914,2.3394031524658203,0.41700559854507446,0.08964282274246216,0.08964278548955917,0.9634373784065247,8404.166015625,0.42020830078125004,1.826375961303711,33.3734130859375,6.264684677124023,0.4543420076370239
13,499,0.07717601954936981,0.07306792587041855,0.9661732912063599,2838.0,2838.0,50.0,1.6016364097595215,33.738189697265625,6.340648651123047,0.4599464535713196,0.01364206988364458,0.009966617450118065,0.9969499707221985,2623.0,2623.0,50.0,0.38682788610458374,36.09324645996094,7.293603420257568,0.4680979251861572,0.25393491983413696,0.26365798711776733,0.9029342532157898,886.0,886.0,50.0,4.9550676345825195,26.366241455078125,3.3306567668914795,0.39754313230514526,1.3347578048706055,1.1295254230499268,0.49056610465049744,53.0,53.0,34.0,17.603960037231445,19.572683334350586,2.323442220687866,0.4227427542209625,0.08602145314216614,0.08602143824100494,0.9660936594009399,8404.0849609375,0.420204248046875,1.700514554977417,33.56553268432617,6.281248092651367,0.45434021949768066
13,549,0.07401569187641144,0.09763535112142563,0.9686816930770874,2746.0,2746.0,50.0,1.6142921447753906,33.5780029296875,6.354879856109619,0.45958271622657776,0.013698980212211609,0.015530956909060478,0.9962220788002014,2647.0,2647.0,50.0,0.384574830532074,36.155391693115234,7.318609714508057,0.4687213897705078,0.2565329074859619,0.22940510511398315,0.9027194976806641,956.0,956.0,50.0,5.249541282653809,25.84100341796875,3.313309907913208,0.40149107575416565,1.288421392440796,1.0820122957229614,0.3921568989753723,51.0,51.0,31.0,19.267717361450195,17.61003303527832,2.0494043827056885,0.4193018078804016,0.08600989729166031,0.08600988984107971,0.9656249284744263,8404.00390625,0.4202001953125,1.7893798351287842,33.36103439331055,6.264828681945801,0.45436400175094604
13,599,0.08528036624193192,0.08177825808525085,0.9601882696151733,2763.0,2763.0,50.0,1.7224379777908325,33.684749603271484,6.299382209777832,0.46005916595458984,0.011874641291797161,0.008892466314136982,0.997687041759491,2594.0,2594.0,50.0,0.3520374298095703,36.26742172241211,7.385105133056641,0.47018393874168396,0.2768108546733856,0.2945345640182495,0.8843398690223694,977.0,977.0,50.0,5.541711330413818,25.534452438354492,3.373379707336426,0.400424063205719,1.2618333101272583,1.1893460750579834,0.5151515007019043,66.0,66.0,38.0,17.13245391845703,19.087482452392578,2.2305235862731934,0.4148106873035431,0.09689965099096298,0.09689963608980179,0.9592188596725464,8403.921875,0.42019609375,1.9089492559432983,33.33680725097656,6.25080680847168,0.4545925557613373
13,649,0.10096905380487442,0.09158284217119217,0.9563072323799133,2838.0,2838.0,50.0,1.9086732864379883,33.457801818847656,6.184905529022217,0.45871156454086304,0.01799316145479679,0.01668444275856018,0.9935531616210938,2637.0,2637.0,50.0,0.48145270347595215,35.98756408691406,7.209206581115723,0.4689779579639435,0.22503943741321564,0.2706475257873535,0.9170456528663635,880.0,880.0,50.0,4.67576789855957,26.462697982788086,3.44553279876709,0.39899182319641113,0.859230637550354,0.8092158436775208,0.6222221851348877,45.0,45.0,31.0,13.685420036315918,17.747953414916992,2.14562726020813,0.4085273742675781,0.08917159587144852,0.08917159587144852,0.9639061689376831,8403.837890625,0.42019189453125,1.783894658088684,33.4278564453125,6.201884746551514,0.45437729358673096
13,699,0.07028358429670334,0.08019603788852692,0.9712386131286621,2712.0,2712.0,50.0,1.535004734992981,33.665550231933594,6.372750759124756,0.4596579372882843,0.013079862110316753,0.012809320352971554,0.9973841309547424,2676.0,2676.0,50.0,0.3739761412143707,36.231849670410156,7.417339324951172,0.4699297547340393,0.27598482370376587,0.26658374071121216,0.8818653225898743,965.0,965.0,50.0,5.421507835388184,25.823740005493164,3.2736315727233887,0.3990787863731384,1.608836054801941,1.616679072380066,0.3404255509376526,47.0,47.0,30.0,20.060659408569336,19.335277557373047,2.3550736904144287,0.4146847426891327,0.08867992460727692,0.08867991715669632,0.9640623331069946,8403.7578125,0.420187890625,1.7716091871261597,33.450950622558594,6.312726020812988,0.4544883668422699
13,749,0.07479114830493927,0.06311827152967453,0.9674679636955261,2828.0,2828.0,50.0,1.6448650360107422,33.49800109863281,6.318478584289551,0.4585599899291992,0.020478902384638786,0.017658725380897522,0.9916094541549683,2622.0,2622.0,50.0,0.527577817440033,36.04754638671875,7.219126224517822,0.4692310392856598,0.2705669403076172,0.2756803333759308,0.8841395378112793,889.0,889.0,50.0,5.485074520111084,25.951845169067383,3.3243532180786133,0.399899959564209,1.3612736463546753,1.5869849920272827,0.45901647210121155,61.0,61.0,32.0,18.525882720947266,17.772624969482422,2.234727621078491,0.4224638044834137,0.09199637174606323,0.09199637174606323,0.9609373807907104,8403.67578125,0.42018378906250003,1.8814527988433838,33.34442901611328,6.23263692855835,0.45443952083587646
13,799,0.07524536550045013,0.0806703269481659,0.9707456231117249,2803.0,2803.0,50.0,1.5827386379241943,33.64394760131836,6.2934370040893555,0.4593636393547058,0.016378352418541908,0.015237265266478062,0.9966050386428833,2651.0,2651.0,50.0,0.434347927570343,36.03337097167969,7.238378047943115,0.46895185112953186,0.2019595354795456,0.16055285930633545,0.9259257316589355,891.0,891.0,50.0,4.53859806060791,26.40634536743164,3.3924970626831055,0.3982125520706177,1.25797700881958,1.2461360692977905,0.5272727012634277,55.0,55.0,34.0,17.27886390686035,17.481658935546875,2.1493592262268066,0.4143725335597992,0.07866665720939636,0.07866663485765457,0.9714062213897705,8403.5947265625,0.420179736328125,1.6534532308578491,33.48719024658203,6.245370864868164,0.454435259103775
13,849,0.07910281419754028,0.08734505623579025,0.9674336314201355,2825.0,2825.0,50.0,1.6619089841842651,33.73466873168945,6.3467698097229,0.4604857861995697,0.01344326138496399,0.010681487619876862,0.9965713620185852,2625.0,2625.0,50.0,0.36985859274864197,36.134647369384766,7.372446537017822,0.4681514799594879,0.2726280391216278,0.3168852627277374,0.9026846289634705,894.0,894.0,50.0,5.359580993652344,25.61300277709961,3.2301526069641113,0.39877718687057495,1.1512980461120605,1.1448280811309814,0.482142835855484,56.0,56.0,33.0,16.138256072998047,19.73328971862793,2.286747932434082,0.4071970582008362,0.08858689665794373,0.08858689665794373,0.9660937786102295,8403.51171875,0.42017558593750004,1.7751529216766357,33.46202850341797,6.296579837799072,0.45454370975494385
13,899,0.07584407180547714,0.0747009888291359,0.970282793045044,2793.0,2793.0,50.0,1.5416194200515747,33.76283645629883,6.345608234405518,0.45933669805526733,0.013718941248953342,0.0128783555701375,0.9965985417366028,2646.0,2646.0,50.0,0.3673238158226013,36.1002082824707,7.3760457038879395,0.4678044617176056,0.2525278925895691,0.2655532658100128,0.9065935015678406,910.0,910.0,50.0,5.291054725646973,25.806211471557617,3.2800614833831787,0.4026835262775421,1.2982759475708008,1.2244129180908203,0.4117647111415863,51.0,51.0,35.0,18.760887145996094,18.17892074584961,2.1180131435394287,0.4236688017845154,0.0850227028131485,0.0850227028131485,0.967656135559082,8403.4287109375,0.420171435546875,1.7264604568481445,33.47367477416992,6.302058219909668,0.4544979929924011
13,949,0.08782324194908142,0.07686465233564377,0.9671148061752319,2828.0,2828.0,50.0,1.744911551475525,33.517887115478516,6.294429779052734,0.45906057953834534,0.015370173379778862,0.013662938959896564,0.9961932897567749,2627.0,2627.0,50.0,0.4285529851913452,36.005836486816406,7.341700553894043,0.46841877698898315,0.25670281052589417,0.2056577503681183,0.8943819999694824,890.0,890.0,50.0,5.151463508605957,25.920446395874023,3.353654384613037,0.39970663189888,0.8254075646400452,1.0014023780822754,0.5636363625526428,55.0,55.0,32.0,14.429988861083984,16.532508850097656,2.0718817710876465,0.4150218665599823,0.08790695667266846,0.08790694922208786,0.9654688835144043,8403.3466796875,0.420167333984375,1.7873234748840332,33.33662796020508,6.279062747955322,0.4542694687843323
13,999,0.08204259723424911,0.08054445683956146,0.9640489220619202,2865.0,2865.0,50.0,1.6932975053787231,33.57206726074219,6.400948524475098,0.459227591753006,0.013809016905725002,0.011641271412372589,0.9969616532325745,2633.0,2633.0,50.0,0.39429518580436707,36.03311538696289,7.329972743988037,0.46765708923339844,0.279595285654068,0.24240662157535553,0.8806142807006836,846.0,846.0,50.0,5.646820545196533,25.374225616455078,3.2632436752319336,0.3990336060523987,0.9026514887809753,0.8236715793609619,0.5714285969734192,56.0,56.0,35.0,16.708654403686523,16.82691192626953,1.8973196744918823,0.4266602396965027,0.08726518601179123,0.08726520091295242,0.9631249904632568,8403.2646484375,0.42016323242187503,1.8128706216812134,33.35438537597656,6.328982830047607,0.45445364713668823
13,1049,0.07133512943983078,0.07285888493061066,0.9716338515281677,2785.0,2785.0,50.0,1.51457679271698,33.72490310668945,6.388283729553223,0.4592491686344147,0.013801950961351395,0.01493750512599945,0.9973393678665161,2631.0,2631.0,50.0,0.37297868728637695,36.14961242675781,7.350471496582031,0.46877574920654297,0.2939067780971527,0.22681975364685059,0.8669529557228088,932.0,932.0,50.0,5.779376029968262,25.828659057617188,3.3233084678649902,0.4006384313106537,1.0141682624816895,0.747702419757843,0.5576922297477722,52.0,52.0,31.0,15.830587387084961,18.0545654296875,2.121241569519043,0.41317203640937805,0.08775613456964493,0.08775611221790314,0.9635937809944153,8403.18359375,0.4201591796875,1.7826519012451172,33.44447326660156,6.302826404571533,0.45425593852996826
13,1099,0.09917611628770828,0.08769842982292175,0.9543477296829224,2760.0,2760.0,50.0,1.9409958124160767,33.40231704711914,6.312395095825195,0.45861735939979553,0.014188732020556927,0.015952760353684425,0.9973880648612976,2680.0,2680.0,50.0,0.379781037569046,36.1845703125,7.394598007202148,0.4693107604980469,0.2581295669078827,0.2576611638069153,0.8933332562446594,900.0,900.0,50.0,5.229528427124023,26.143030166625977,3.374671459197998,0.39973077178001404,1.3006234169006348,1.3187867403030396,0.4833333194255829,60.0,60.0,34.0,17.0467586517334,18.591636657714844,2.289717435836792,0.41110116243362427,0.09720408916473389,0.0972040444612503,0.9593749642372131,8403.0986328125,0.420154931640625,1.891303539276123,33.40769958496094,6.314737319946289,0.45436879992485046
13,1149,0.0752335637807846,0.07561828196048737,0.9685882329940796,2897.0,2897.0,50.0,1.5891273021697998,33.59401321411133,6.314472198486328,0.45889511704444885,0.014290813356637955,0.009697478264570236,0.9969348907470703,2610.0,2610.0,50.0,0.4013650417327881,36.035518646240234,7.342289924621582,0.4682651162147522,0.24353305995464325,0.23221458494663239,0.8991696834564209,843.0,843.0,50.0,5.101987361907959,25.822357177734375,3.314117193222046,0.3983847498893738,1.0996558666229248,1.1126576662063599,0.5199998617172241,50.0,50.0,33.0,16.350133895874023,18.412397384643555,2.159148931503296,0.41594356298446655,0.0805518701672554,0.08055184781551361,0.9675000905990601,8403.0185546875,0.420150927734375,1.6827728748321533,33.447410583496094,6.305962562561035,0.4544104039669037
13,1199,0.06768688559532166,0.06182551756501198,0.97275310754776,2826.0,2826.0,50.0,1.4809207916259766,33.690677642822266,6.432490348815918,0.4592096209526062,0.013704542070627213,0.01482231356203556,0.9965701103210449,2624.0,2624.0,50.0,0.3687056303024292,36.19163131713867,7.513925075531006,0.46907687187194824,0.2690789997577667,0.27325674891471863,0.9010010957717896,899.0,899.0,50.0,5.125001907348633,26.262449264526367,3.352874517440796,0.3990929126739502,1.3281782865524292,1.2447760105133057,0.4117647111415863,51.0,51.0,30.0,19.635528564453125,17.48515510559082,2.0666534900665283,0.4164927303791046,0.0838879644870758,0.0838879644870758,0.9679688215255737,8402.9345703125,0.420146728515625,1.6814615726470947,33.543495178222656,6.408498764038086,0.45447027683258057
13,1249,0.08390241861343384,0.08175059407949448,0.9635598063468933,2854.0,2854.0,50.0,1.681242823600769,33.53306579589844,6.403402328491211,0.45862942934036255,0.01332310400903225,0.013699633069336414,0.9965371489524841,2599.0,2599.0,50.0,0.3694722354412079,36.300819396972656,7.425805568695068,0.4693611264228821,0.25830698013305664,0.3050788640975952,0.8946784138679504,902.0,902.0,50.0,5.338983535766602,25.608755111694336,3.281416654586792,0.399071604013443,1.0675084590911865,0.9633147716522217,0.5555555820465088,45.0,45.0,27.0,16.13471794128418,18.78997802734375,2.103088855743408,0.42369070649147034,0.0867367535829544,0.08673673123121262,0.9643750190734863,8402.853515625,0.42014267578125003,1.7656798362731934,33.43653869628906,6.348352432250977,0.4543479084968567
13,1271,0.07930091768503189,0.08591954410076141,0.9646964073181152,1218.0,1218.0,22.0,1.7380733489990234,33.41768264770508,6.342992305755615,0.4590751528739929,0.01886834390461445,0.019736196845769882,0.9957044720649719,1164.0,1164.0,22.0,0.5178947448730469,35.819976806640625,7.33458137512207,0.46837934851646423,0.2511097490787506,0.2318544089794159,0.8986301422119141,365.0,365.0,22.0,5.167059898376465,25.445405960083008,3.2892212867736816,0.3969833552837372,0.8364861011505127,0.9200195074081421,0.47826087474823,23.0,23.0,15.0,16.26959991455078,16.344470977783203,1.767746925354004,0.4145367443561554,0.08329146355390549,0.08283231407403946,0.9649820327758789,8402.818359375,0.42014091796875,1.7978270053863525,33.23490524291992,6.319293022155762,0.4544333517551422
14,49,0.07765623927116394,0.06951037794351578,0.9680058360099792,2813.0,2813.0,50.0,1.5649778842926025,33.7962532043457,6.3958916664123535,0.45881640911102295,0.012830809690058231,0.012121818028390408,0.9969627857208252,2634.0,2634.0,50.0,0.35997673869132996,36.266624450683594,7.53916072845459,0.46981340646743774,0.2870343327522278,0.29034921526908875,0.8820284605026245,907.0,907.0,50.0,5.7795000076293945,24.795734405517578,3.151289939880371,0.3975391387939453,1.1013654470443726,1.1001603603363037,0.4999999701976776,46.0,46.0,29.0,17.086002349853516,18.26582145690918,2.0794243812561035,0.4194411039352417,0.08800722658634186,0.08800723403692245,0.9643750190734863,8402.736328125,0.42013681640625,1.7778786420822144,33.42579650878906,6.375572681427002,0.4543752074241638
14,99,0.08112414181232452,0.07605965435504913,0.9645416140556335,2792.0,2792.0,50.0,1.6983642578125,33.474273681640625,6.280959606170654,0.45803430676460266,0.014870886690914631,0.014153704978525639,0.9970685839653015,2729.0,2729.0,50.0,0.4112233817577362,36.03339385986328,7.313984394073486,0.46834298968315125,0.25308018922805786,0.2124181091785431,0.8964678049087524,821.0,821.0,50.0,5.180831432342529,25.912334442138672,3.3935139179229736,0.3986016511917114,1.2116775512695312,1.1148678064346313,0.43103450536727905,58.0,58.0,36.0,17.535198211669922,18.033546447753906,2.2276859283447266,0.4130057990550995,0.0851777121424675,0.0851777195930481,0.9648438096046448,8402.654296875,0.42013271484375003,1.7397758960723877,33.45551300048828,6.314310073852539,0.4543977975845337
14,149,0.07735186815261841,0.08293884247541428,0.9651687145233154,2871.0,2871.0,50.0,1.6593122482299805,33.46071243286133,6.39919900894165,0.45911917090415955,0.018049122765660286,0.015813373029232025,0.9937936663627625,2578.0,2578.0,50.0,0.45595914125442505,36.127952575683594,7.456958770751953,0.468972384929657,0.31684911251068115,0.3066946268081665,0.8637387752532959,888.0,888.0,50.0,6.32016134262085,24.750213623046875,3.1356594562530518,0.39955219626426697,1.1424120664596558,1.2890605926513672,0.4761905372142792,63.0,63.0,35.0,17.02418327331543,18.486995697021484,2.142127513885498,0.4199407994747162,0.09717841446399689,0.09717841446399689,0.9578124284744263,8402.572265625,0.42012861328125,1.972527265548706,33.17913055419922,6.3305559158325195,0.45443758368492126
14,199,0.07984636723995209,0.07087194919586182,0.9680382609367371,2722.0,2722.0,50.0,1.6068415641784668,33.69843673706055,6.319302558898926,0.4588903486728668,0.013258627615869045,0.013876482844352722,0.9970434904098511,2706.0,2706.0,50.0,0.3783947825431824,36.163429260253906,7.400728702545166,0.4691237211227417,0.2642308473587036,0.26232218742370605,0.8953744173049927,908.0,908.0,50.0,5.272143840789795,25.87066650390625,3.348238468170166,0.3987245559692383,1.1822891235351562,1.414413571357727,0.4843749403953552,64.0,64.0,34.0,17.05386734008789,18.445446014404297,2.1709227561950684,0.4173339307308197,0.08887621015310287,0.08887621760368347,0.9651561975479126,8402.4873046875,0.420124365234375,1.7619240283966064,33.47757339477539,6.313539505004883,0.4542655348777771
14,249,0.07070563733577728,0.0600951686501503,0.9698472619056702,2819.0,2819.0,50.0,1.5145303010940552,33.736839294433594,6.367241859436035,0.4596540927886963,0.014245310798287392,0.016148487105965614,0.996149480342865,2597.0,2597.0,50.0,0.4015733599662781,36.1588134765625,7.324866771697998,0.4696122109889984,0.23897089064121246,0.24892966449260712,0.9002167582511902,922.0,922.0,50.0,5.025125980377197,25.728803634643555,3.3169445991516113,0.39661189913749695,0.9056503772735596,0.7565376162528992,0.6451614499092102,62.0,62.0,34.0,14.428801536560059,18.19379997253418,2.1125214099884033,0.41784530878067017,0.08012433350086212,0.08012433350086212,0.9673436284065247,8402.4072265625,0.420120361328125,1.6937655210494995,33.415401458740234,6.275177001953125,0.4542078375816345
14,299,0.07931433618068695,0.07740358263254166,0.9669656753540039,2785.0,2785.0,50.0,1.6259739398956299,33.527469635009766,6.2944865226745605,0.45887133479118347,0.019455526024103165,0.02273658663034439,0.9943052530288696,2634.0,2634.0,50.0,0.49981942772865295,36.050655364990234,7.393110752105713,0.4699987471103668,0.22960978746414185,0.22555096447467804,0.9061487913131714,927.0,927.0,50.0,4.798202037811279,26.424175262451172,3.3939406871795654,0.3985121250152588,0.9552925229072571,0.9007436037063599,0.5925925970077515,54.0,54.0,36.0,15.823711395263672,16.641862869262695,1.984816312789917,0.4228229820728302,0.08383911103010178,0.08383911848068237,0.966249942779541,8402.3271484375,0.42011635742187503,1.7417619228363037,33.39457702636719,6.2901506423950195,0.45440414547920227
14,349,0.08245177567005157,0.08053596317768097,0.9661734104156494,2838.0,2838.0,50.0,1.6815849542617798,33.58088684082031,6.324282646179199,0.45836883783340454,0.016193082556128502,0.015206295996904373,0.995823860168457,2634.0,2634.0,50.0,0.4191942811012268,36.175533294677734,7.4500226974487305,0.47007960081100464,0.2397872805595398,0.2509530782699585,0.902890145778656,865.0,865.0,50.0,4.999449729919434,25.732627868652344,3.367943525314331,0.3973904550075531,1.0708463191986084,1.289657711982727,0.60317462682724,63.0,63.0,39.0,15.342782974243164,19.2666015625,2.2627146244049072,0.4120675027370453,0.08617658168077469,0.0861765667796135,0.9662500023841858,8402.244140625,0.42011220703125,1.7449398040771484,33.44709777832031,6.34804630279541,0.45449113845825195
14,399,0.07643430680036545,0.0737060010433197,0.9699891805648804,2799.0,2799.0,50.0,1.6212695837020874,33.60020065307617,6.389884948730469,0.4591263234615326,0.01694696582853794,0.016452252864837646,0.9947524070739746,2668.0,2668.0,50.0,0.4347466826438904,36.04417419433594,7.450087070465088,0.4682732820510864,0.25159549713134766,0.24136897921562195,0.8967891931533813,872.0,872.0,50.0,5.25248908996582,25.816259384155273,3.3383426666259766,0.39972272515296936,1.042252540588379,1.225075602531433,0.5245901346206665,61.0,61.0,37.0,16.4105281829834,16.824453353881836,1.9971884489059448,0.414187490940094,0.08470670878887177,0.08470669388771057,0.9660936594009399,8402.162109375,0.42010810546875,1.762351632118225,33.39857482910156,6.374216079711914,0.4544174075126648
14,449,0.06451087445020676,0.07816676050424576,0.9730663299560547,2896.0,2896.0,50.0,1.429953932762146,33.640750885009766,6.393790245056152,0.4582175314426422,0.013717512600123882,0.012570179998874664,0.9957215189933777,2571.0,2571.0,50.0,0.384999543428421,36.19057846069336,7.494905471801758,0.4697388708591461,0.247732475399971,0.23628944158554077,0.9089876413345337,879.0,879.0,50.0,4.94284725189209,26.41138458251953,3.4207000732421875,0.3996654152870178,1.3332784175872803,1.272451400756836,0.48148149251937866,54.0,54.0,35.0,17.480484008789062,17.78350257873535,2.1858153343200684,0.4143705368041992,0.07997578382492065,0.07997579127550125,0.9692187309265137,8402.0830078125,0.42010415039062504,1.628076434135437,33.538360595703125,6.3922882080078125,0.4544341564178467
14,499,0.06913913041353226,0.0795154869556427,0.9720913171768188,2759.0,2759.0,50.0,1.5307700634002686,33.50846862792969,6.432764053344727,0.4585581421852112,0.014586311765015125,0.016317248344421387,0.9959002137184143,2683.0,2683.0,50.0,0.4036128520965576,36.14398193359375,7.539563179016113,0.46934035420417786,0.23999473452568054,0.2505406439304352,0.9050773978233337,906.0,906.0,50.0,5.021051406860352,26.33217430114746,3.37256121635437,0.40020570158958435,1.1119487285614014,1.09211003780365,0.5192306637763977,52.0,52.0,32.0,17.11790657043457,18.34295654296875,2.141301393508911,0.42733651399612427,0.0789291262626648,0.07892914116382599,0.9689062833786011,8402.0029296875,0.42010014648437505,1.6789829730987549,33.474212646484375,6.428677082061768,0.45456403493881226
14,549,0.07720836251974106,0.06411074101924896,0.968439519405365,2820.0,2820.0,50.0,1.5404108762741089,33.75584411621094,6.408699989318848,0.4586201608181,0.011963329277932644,0.010412994772195816,0.9969384074211121,2613.0,2613.0,50.0,0.33510905504226685,36.255096435546875,7.46141242980957,0.46955424547195435,0.25491032004356384,0.22795651853084564,0.8981379270553589,913.0,913.0,50.0,5.252678871154785,25.860660552978516,3.3726937770843506,0.400149405002594,0.8978220820426941,0.7873374223709106,0.5925924777984619,54.0,54.0,37.0,14.843565940856934,19.342504501342773,2.18381929397583,0.41851431131362915,0.08284429460763931,0.08284426480531693,0.966874897480011,8401.91796875,0.4200958984375,1.6901323795318604,33.5283317565918,6.369750022888184,0.45440471172332764
14,599,0.07686249166727066,0.05256045237183571,0.9673017263412476,2783.0,2783.0,50.0,1.6005184650421143,33.552032470703125,6.3599724769592285,0.457832008600235,0.014284739270806313,0.011764458380639553,0.995547354221344,2695.0,2695.0,50.0,0.3892756402492523,36.220298767089844,7.508671760559082,0.469895601272583,0.2341180443763733,0.2416752129793167,0.9027777910232544,864.0,864.0,50.0,4.889040946960449,26.374103546142578,3.3712668418884277,0.398057758808136,0.9285611510276794,0.9729343056678772,0.5517240762710571,58.0,58.0,36.0,15.47641658782959,17.02300262451172,1.9729174375534058,0.4148825705051422,0.07945940643548965,0.07945941388607025,0.9667189121246338,8401.8369140625,0.420091845703125,1.660172462463379,33.55680847167969,6.400449752807617,0.45445317029953003
14,649,0.08180166035890579,0.0907161682844162,0.9663231372833252,2910.0,2910.0,50.0,1.6782276630401611,33.465721130371094,6.383213043212891,0.4578663408756256,0.012205698527395725,0.010697836056351662,0.9973044991493225,2597.0,2597.0,50.0,0.3536318838596344,36.15498352050781,7.4614715576171875,0.4685990810394287,0.2531087100505829,0.2618001103401184,0.90464848279953,839.0,839.0,50.0,5.105426788330078,26.30816078186035,3.470743179321289,0.40197432041168213,1.1682796478271484,0.8358235955238342,0.5555557012557983,54.0,54.0,36.0,16.683523178100586,18.951797485351562,2.1585819721221924,0.4221096634864807,0.08518537133932114,0.08518536388874054,0.9673437476158142,8401.7568359375,0.42008784179687503,1.7166231870651245,33.49620056152344,6.403298377990723,0.4545927047729492
14,699,0.08075737208127975,0.08102838695049286,0.9664688110351562,2863.0,2863.0,50.0,1.6407982110977173,33.62425994873047,6.451639652252197,0.45943355560302734,0.014237990602850914,0.012168725952506065,0.9953793883323669,2597.0,2597.0,50.0,0.3855065703392029,36.09882736206055,7.543608665466309,0.46794432401657104,0.2848508656024933,0.2651781439781189,0.8918920159339905,888.0,888.0,50.0,5.656537055969238,25.46184539794922,3.302067756652832,0.4014981985092163,1.2082490921020508,0.7899789214134216,0.4807693362236023,52.0,52.0,29.0,17.361238479614258,17.74740982055664,2.14967679977417,0.41181036829948425,0.09124390035867691,0.09124390035867691,0.9639063477516174,8401.671875,0.42008359375000004,1.8163366317749023,33.36685562133789,6.422783374786377,0.45446160435676575
14,749,0.06717745214700699,0.06268297135829926,0.9735337495803833,2796.0,2796.0,50.0,1.4809398651123047,33.70798873901367,6.449951648712158,0.4595683515071869,0.013349468819797039,0.014949827454984188,0.9965714812278748,2625.0,2625.0,50.0,0.3704187273979187,36.152103424072266,7.503536224365234,0.4689989984035492,0.29577842354774475,0.2857247591018677,0.8760871291160583,920.0,920.0,50.0,5.714010238647461,25.83296775817871,3.32474684715271,0.400799423456192,1.2720876932144165,1.0483448505401611,0.4576271176338196,59.0,59.0,30.0,17.784931182861328,19.195201873779297,2.2156496047973633,0.4164452850818634,0.08906874060630798,0.08906872570514679,0.9642188549041748,8401.5908203125,0.420079541015625,1.7842588424682617,33.44463348388672,6.393802642822266,0.4545907974243164
14,799,0.0743868350982666,0.06507530808448792,0.9692584872245789,2765.0,2765.0,50.0,1.592851996421814,33.62706756591797,6.353397369384766,0.4598924517631531,0.014387947507202625,0.01610400713980198,0.9970092177391052,2675.0,2675.0,50.0,0.4106943905353546,36.023162841796875,7.3300395011901855,0.4684945046901703,0.23894591629505157,0.20159399509429932,0.9070022702217102,914.0,914.0,50.0,4.839274883270264,26.263927459716797,3.487245798110962,0.39897945523262024,1.4009099006652832,1.4682579040527344,0.4347827136516571,46.0,46.0,35.0,18.04496955871582,18.3354434967041,2.316556453704834,0.4123748540878296,0.08234462887048721,0.082344651222229,0.9681248664855957,8401.509765625,0.42007548828125,1.680626392364502,33.46710205078125,6.32326602935791,0.4544471502304077
14,849,0.08821843564510345,0.09391408413648605,0.9635783433914185,2828.0,2828.0,50.0,1.7420375347137451,33.59708786010742,6.393249034881592,0.4589731693267822,0.013679243624210358,0.014706588350236416,0.9965198040008545,2586.0,2586.0,50.0,0.3813309967517853,36.284454345703125,7.454853534698486,0.4705473482608795,0.24292905628681183,0.1968066692352295,0.897980809211731,941.0,941.0,50.0,4.987161636352539,26.292001724243164,3.5039987564086914,0.39890214800834656,0.9800100326538086,1.0296943187713623,0.533333420753479,45.0,45.0,32.0,16.025659561157227,16.798377990722656,1.9731801748275757,0.41494619846343994,0.08711762726306915,0.08711764961481094,0.9642187356948853,8401.4267578125,0.420071337890625,1.7697935104370117,33.490760803222656,6.366314888000488,0.4545080065727234
14,899,0.0708991214632988,0.07502203434705734,0.9696542024612427,2834.0,2834.0,50.0,1.5347981452941895,33.729976654052734,6.427890777587891,0.4602789580821991,0.013757052831351757,0.01233104057610035,0.9954251050949097,2623.0,2623.0,50.0,0.387753427028656,35.941898345947266,7.413325786590576,0.46711647510528564,0.2555401921272278,0.24445664882659912,0.8995535969734192,896.0,896.0,50.0,5.197091102600098,25.98210334777832,3.3677024841308594,0.4007156193256378,1.5164473056793213,1.9124538898468018,0.40425533056259155,47.0,47.0,33.0,19.633604049682617,21.05746078491211,2.325972080230713,0.4285823106765747,0.08394527435302734,0.08394530415534973,0.9662500619888306,8401.3447265625,0.42006723632812504,1.7103232145309448,33.4587516784668,6.373215198516846,0.4545096457004547
14,949,0.0788130909204483,0.09566212445497513,0.9685733318328857,2832.0,2832.0,50.0,1.5910385847091675,33.639625549316406,6.397503852844238,0.4590510129928589,0.014390428550541401,0.015793096274137497,0.9961211085319519,2578.0,2578.0,50.0,0.3817552924156189,36.211029052734375,7.44630241394043,0.4699891209602356,0.24478775262832642,0.22411462664604187,0.9007548689842224,927.0,927.0,50.0,4.993350028991699,26.23271369934082,3.452605724334717,0.39924368262290955,0.9674369692802429,0.7765341997146606,0.5714285373687744,63.0,63.0,40.0,14.864686012268066,19.257699966430664,2.130180597305298,0.4168519377708435,0.08565061539411545,0.08565062284469604,0.9659374952316284,8401.26171875,0.4200630859375,1.7273902893066406,33.461002349853516,6.35141658782959,0.4543789029121399
14,999,0.0847407653927803,0.10489558428525925,0.9645364880561829,2848.0,2848.0,50.0,1.7065571546554565,33.61051559448242,6.325544357299805,0.4596647620201111,0.013299012556672096,0.015015514567494392,0.9973313212394714,2623.0,2623.0,50.0,0.386778861284256,36.079689025878906,7.405935287475586,0.46860983967781067,0.2088814526796341,0.19457335770130157,0.9091953635215759,870.0,870.0,50.0,4.577340602874756,26.47914695739746,3.461111068725586,0.39685559272766113,1.0842092037200928,1.236598014831543,0.4745762348175049,59.0,59.0,36.0,17.203996658325195,17.82647132873535,2.0318124294281006,0.41912907361984253,0.08155003190040588,0.08155002444982529,0.9659374952316284,8401.1826171875,0.420059130859375,1.6987683773040771,33.50756072998047,6.33936882019043,0.45441901683807373
14,1049,0.06907545775175095,0.08326983451843262,0.9726368188858032,2814.0,2814.0,50.0,1.472981333732605,33.70866775512695,6.506624221801758,0.458883136510849,0.016395458951592445,0.01287235040217638,0.9946686029434204,2626.0,2626.0,50.0,0.4280964732170105,36.14131164550781,7.525304794311523,0.4692082405090332,0.25148510932922363,0.2373969554901123,0.9066230654716492,921.0,921.0,50.0,5.157545566558838,25.678565979003906,3.319406509399414,0.39944249391555786,1.0062183141708374,1.2125979661941528,0.4615384340286255,39.0,39.0,31.0,16.608903884887695,17.12557029724121,2.0212395191192627,0.4190415143966675,0.0794207900762558,0.0794207975268364,0.9690624475479126,8401.1005859375,0.420055029296875,1.6667183637619019,33.45017623901367,6.438608169555664,0.4543229937553406
14,1099,0.0691416934132576,0.0678158774971962,0.9724869132041931,2835.0,2835.0,50.0,1.4508413076400757,33.83576583862305,6.553653240203857,0.4596306085586548,0.01277121715247631,0.010890146717429161,0.997308611869812,2601.0,2601.0,50.0,0.3545469045639038,36.1851806640625,7.5582756996154785,0.46909284591674805,0.2513160705566406,0.21463848650455475,0.9108693599700928,920.0,920.0,50.0,5.0324201583862305,26.295583724975586,3.4280853271484375,0.3989260792732239,1.369459629058838,1.0042905807495117,0.4318181574344635,44.0,44.0,30.0,18.053192138671875,18.808761596679688,2.352555990219116,0.41240084171295166,0.08135963976383209,0.0813596323132515,0.9699999690055847,8401.0185546875,0.420050927734375,1.6342934370040894,33.603370666503906,6.483755111694336,0.4544251561164856
14,1149,0.07898249477148056,0.06470486521720886,0.9680056571960449,2813.0,2813.0,50.0,1.6111605167388916,33.692108154296875,6.429230213165283,0.4591886103153229,0.013391460292041302,0.01186880562454462,0.9973394870758057,2631.0,2631.0,50.0,0.3709395229816437,36.08689880371094,7.525045394897461,0.4688040614128113,0.28276872634887695,0.2650584876537323,0.8820912837982178,899.0,899.0,50.0,5.454195022583008,26.19269561767578,3.3974883556365967,0.3997523784637451,1.0436779260635376,0.9484268426895142,0.5614035129547119,57.0,57.0,35.0,15.733108520507812,18.15580940246582,2.120375394821167,0.4190094470977783,0.08923584222793579,0.08923584222793579,0.9643749594688416,8400.9345703125,0.420046728515625,1.7669131755828857,33.48478698730469,6.415472507476807,0.45443469285964966
14,1199,0.0744675025343895,0.07924533635377884,0.9663715958595276,2825.0,2825.0,50.0,1.5847138166427612,33.64365768432617,6.401348114013672,0.4593091607093811,0.012344187125563622,0.013165893033146858,0.9973353743553162,2627.0,2627.0,50.0,0.3628428876399994,36.099365234375,7.460494041442871,0.46874791383743286,0.2400415986776352,0.2240327149629593,0.9017857909202576,896.0,896.0,50.0,4.866610050201416,26.435213088989258,3.466827154159546,0.39928439259529114,1.3859362602233887,1.2496271133422852,0.4615384638309479,52.0,52.0,33.0,19.103862762451172,18.225343704223633,2.1856322288513184,0.42179709672927856,0.0828038826584816,0.082803875207901,0.9659374952316284,8400.8544921875,0.42004272460937503,1.6849825382232666,33.51719284057617,6.391009330749512,0.4544752240180969
14,1249,0.08834478259086609,0.08335553854703903,0.9606356620788574,2769.0,2769.0,50.0,1.6895369291305542,33.665103912353516,6.471587657928467,0.459357887506485,0.014975147321820259,0.01516837440431118,0.9961847066879272,2621.0,2621.0,50.0,0.3864777684211731,36.28313446044922,7.540318965911865,0.47012758255004883,0.2558528780937195,0.2438507229089737,0.8952381610870361,945.0,945.0,50.0,5.147737979888916,25.855775833129883,3.364582061767578,0.3991008698940277,1.343827724456787,1.4801560640335083,0.4615384638309479,65.0,65.0,38.0,17.796470642089844,20.525100708007812,2.2831132411956787,0.41256818175315857,0.09578222781419754,0.09578223526477814,0.9604687690734863,8400.771484375,0.42003857421875,1.8301044702529907,33.45071792602539,6.407958984375,0.4543958902359009
14,1271,0.08598947525024414,0.08542408794164658,0.9641666412353516,1200.0,1200.0,22.0,1.824357271194458,33.318519592285156,6.360095024108887,0.4586019217967987,0.009504912421107292,0.010909825563430786,0.9982174634933472,1122.0,1122.0,22.0,0.2848590612411499,36.54053497314453,7.6447577476501465,0.47218137979507446,0.26970139145851135,0.2652606964111328,0.8981481194496155,432.0,432.0,22.0,5.5269904136657715,25.38665771484375,3.354635715484619,0.39853519201278687,1.2994722127914429,1.2405574321746826,0.3125,16.0,16.0,12.0,19.97756576538086,21.938488006591797,2.1952168941497803,0.42752060294151306,0.09096580743789673,0.09066947549581528,0.9638988971710205,8400.7333984375,0.420036669921875,1.8830835819244385,33.32085037231445,6.387674331665039,0.4545549750328064
15,49,0.07754051685333252,0.06559186428785324,0.9667028188705444,2763.0,2763.0,50.0,1.6623256206512451,33.49137496948242,6.352461338043213,0.45980870723724365,0.013511531054973602,0.011125410906970501,0.9965882897377014,2638.0,2638.0,50.0,0.38134101033210754,36.2216796875,7.480766773223877,0.4704194962978363,0.23131781816482544,0.2370854765176773,0.913943350315094,918.0,918.0,50.0,4.598820686340332,26.515899658203125,3.5249955654144287,0.39538952708244324,0.9611130952835083,0.8737059831619263,0.5679012537002563,81.0,81.0,41.0,15.109295845031738,18.100147247314453,2.0857207775115967,0.4090445637702942,0.08438871800899506,0.08438871800899506,0.9664062261581421,8400.6533203125,0.420032666015625,1.7257115840911865,33.42143249511719,6.357969284057617,0.4542997479438782
15,99,0.080284483730793,0.07341714948415756,0.9675090909004211,2770.0,2770.0,50.0,1.603703498840332,33.574886322021484,6.33231782913208,0.4586733877658844,0.013833831995725632,0.01235752273350954,0.9973733425140381,2665.0,2665.0,50.0,0.39369991421699524,36.1519660949707,7.41942834854126,0.46991845965385437,0.2580077052116394,0.283246785402298,0.9006620049476624,906.0,906.0,50.0,4.9359235763549805,26.331445693969727,3.4169187545776367,0.3978869915008545,1.176018238067627,0.9271411299705505,0.5593221783638,59.0,59.0,35.0,15.512310028076172,18.84676742553711,2.2727675437927246,0.4065319895744324,0.08787430077791214,0.08787425607442856,0.9667187333106995,8400.5703125,0.42002851562500004,1.6997878551483154,33.48682403564453,6.33486270904541,0.4542701840400696
15,149,0.08229448646306992,0.08976663649082184,0.9628332257270813,2852.0,2852.0,50.0,1.6896320581436157,33.709205627441406,6.3926801681518555,0.4608156979084015,0.015169044956564903,0.014646378345787525,0.9953970313072205,2607.0,2607.0,50.0,0.4251510798931122,35.99113845825195,7.423923015594482,0.46822622418403625,0.2463809698820114,0.22029206156730652,0.9027931690216064,895.0,895.0,50.0,5.1114068031311035,25.4548397064209,3.3094980716705322,0.3968278169631958,0.7828030586242676,0.9818438291549683,0.54347825050354,46.0,46.0,28.0,14.046677589416504,16.315980911254883,2.0054261684417725,0.4099072813987732,0.08293275535106659,0.0829327329993248,0.9646875858306885,8400.4892578125,0.420024462890625,1.741883635520935,33.35940170288086,6.350053787231445,0.4545201063156128
15,199,0.06911446899175644,0.06660348922014236,0.9678113460540771,2796.0,2796.0,50.0,1.5029882192611694,33.60554122924805,6.39566707611084,0.45879417657852173,0.01155285444110632,0.010856881737709045,0.9966228604316711,2665.0,2665.0,50.0,0.32606393098831177,36.25469970703125,7.550199508666992,0.46985363960266113,0.26101237535476685,0.2518070638179779,0.8998898863792419,909.0,909.0,50.0,5.162599563598633,25.6759033203125,3.3367152214050293,0.39773377776145935,1.1952619552612305,1.317854881286621,0.5333333015441895,30.0,30.0,23.0,17.18341827392578,19.106901168823242,2.26600980758667,0.423346608877182,0.07767974585294724,0.07767976820468903,0.9681251049041748,8400.4072265625,0.42002036132812504,1.606190800666809,33.51445007324219,6.4225969314575195,0.4545607566833496
15,249,0.06900297105312347,0.06335357576608658,0.9737310409545898,2817.0,2817.0,50.0,1.489507794380188,33.62548065185547,6.412121295928955,0.45789191126823425,0.012302043847739697,0.01098994817584753,0.9980881214141846,2615.0,2615.0,50.0,0.3599056601524353,36.20777130126953,7.603381633758545,0.47055113315582275,0.23942172527313232,0.26108843088150024,0.9044443964958191,900.0,900.0,50.0,5.029877185821533,25.95745086669922,3.3782851696014404,0.3997794985771179,1.0091496706008911,1.0123246908187866,0.5441176295280457,68.0,68.0,38.0,16.276493072509766,17.55510902404785,1.9956562519073486,0.41703230142593384,0.07978953421115875,0.07978952676057816,0.9693751335144043,8400.326171875,0.42001630859375,1.6829355955123901,33.43152618408203,6.425304412841797,0.45445817708969116
15,299,0.07811309397220612,0.0767190158367157,0.9699247479438782,2793.0,2793.0,50.0,1.648704171180725,33.513404846191406,6.335049152374268,0.4596749544143677,0.014766666106879711,0.01754009909927845,0.9954648613929749,2646.0,2646.0,50.0,0.3911469578742981,36.094871520996094,7.532250881195068,0.4689077138900757,0.22612063586711884,0.23336900770664215,0.9051254987716675,917.0,917.0,50.0,4.805651664733887,26.07522964477539,3.405275821685791,0.39837488532066345,0.6002371907234192,0.4903624653816223,0.6818181872367859,44.0,44.0,27.0,12.226975440979004,17.499954223632812,1.8833863735198975,0.4104366898536682,0.07671961933374405,0.07671961933374405,0.9692187309265137,8400.2451171875,0.420012255859375,1.6538398265838623,33.40483474731445,6.379630088806152,0.4543704688549042
15,349,0.06688777357339859,0.06881791353225708,0.9722903370857239,2851.0,2851.0,50.0,1.4278266429901123,33.72569274902344,6.462324619293213,0.4588890075683594,0.015312138013541698,0.015272727236151695,0.9969452619552612,2619.0,2619.0,50.0,0.4080583155155182,36.05687713623047,7.496491432189941,0.46860265731811523,0.24042944610118866,0.23494938015937805,0.9115647077560425,882.0,882.0,50.0,4.904458522796631,26.08045196533203,3.4231743812561035,0.3991789221763611,1.1725220680236816,0.8838353157043457,0.5,48.0,48.0,33.0,18.349000930786133,18.617321014404297,2.1298129558563232,0.43502989411354065,0.07799054682254791,0.07799051702022552,0.9704686403274536,8400.1650390625,0.420008251953125,1.6165504455566406,33.512733459472656,6.434198379516602,0.45445626974105835
15,399,0.07447396963834763,0.07836224138736725,0.9709617495536804,2755.0,2755.0,50.0,1.5697455406188965,33.54686737060547,6.40218448638916,0.4578548073768616,0.01163365226238966,0.011094635352492332,0.9981493949890137,2702.0,2702.0,50.0,0.33810290694236755,36.20167541503906,7.613717555999756,0.4698963165283203,0.22609257698059082,0.24724435806274414,0.924022376537323,895.0,895.0,50.0,4.813222408294678,26.05307960510254,3.420858144760132,0.39960455894470215,1.045759677886963,0.7585952281951904,0.5625001192092896,48.0,48.0,31.0,14.89931583404541,20.823015213012695,2.2502925395965576,0.42598116397857666,0.07643114775419235,0.07643112540245056,0.9728124141693115,8400.083984375,0.42000419921875004,1.6033132076263428,33.52430725097656,6.4656195640563965,0.45455360412597656
15,449,0.064353346824646,0.0631725862622261,0.9726505875587463,2852.0,2852.0,50.0,1.4335342645645142,33.68450927734375,6.48395299911499,0.45891737937927246,0.011657362803816795,0.012128590606153011,0.9984658360481262,2607.0,2607.0,50.0,0.3292544484138489,36.22063064575195,7.580141544342041,0.46961551904678345,0.2308204621076584,0.2158496230840683,0.9069504737854004,892.0,892.0,50.0,4.922959804534912,26.15359115600586,3.4193966388702393,0.3993391692638397,1.3483860492706299,1.1946786642074585,0.5306122899055481,49.0,49.0,28.0,17.64056968688965,18.77861785888672,2.2482810020446777,0.41197019815444946,0.07592018693685532,0.07592019438743591,0.9706249833106995,8400.0048828125,0.42000024414062503,1.5941367149353027,33.553836822509766,6.470926761627197,0.45461201667785645
15,499,0.07362416386604309,0.07010678946971893,0.9715706706047058,2814.0,2814.0,50.0,1.4799314737319946,33.90165710449219,6.561577320098877,0.460204154253006,0.013941002078354359,0.012920118868350983,0.998062789440155,2581.0,2581.0,50.0,0.38655388355255127,36.12187194824219,7.560288906097412,0.46985140442848206,0.23896487057209015,0.20593129098415375,0.9161425232887268,954.0,954.0,50.0,4.748517990112305,26.452091217041016,3.492410659790039,0.39829346537590027,1.096220850944519,0.794272243976593,0.5098040699958801,51.0,51.0,33.0,15.856388092041016,20.306180953979492,2.25240421295166,0.41487669944763184,0.0823499858379364,0.0823499858379364,0.9703124761581421,8399.9228515625,0.419996142578125,1.64077889919281,33.57823944091797,6.472502708435059,0.45450493693351746
15,549,0.08555784076452255,0.09532994031906128,0.963906466960907,2826.0,2826.0,50.0,1.7054393291473389,33.60973358154297,6.501265525817871,0.4591287672519684,0.014270417392253876,0.02101437933743,0.9965556859970093,2613.0,2613.0,50.0,0.38213443756103516,36.170963287353516,7.614586353302002,0.46937471628189087,0.2101687788963318,0.18746529519557953,0.9125685095787048,915.0,915.0,50.0,4.585452556610107,26.37529182434082,3.499844551086426,0.40053871273994446,0.9418874382972717,0.8723394274711609,0.5652173757553101,46.0,46.0,32.0,15.405050277709961,15.506647109985352,1.9774585962295532,0.41450199484825134,0.08042287826538086,0.08042286336421967,0.9670312404632568,8399.83984375,0.4199919921875,1.675376534461975,33.49102020263672,6.494189262390137,0.45461469888687134
15,599,0.0740053728222847,0.07910171151161194,0.9689266681671143,2832.0,2832.0,50.0,1.502516269683838,33.838741302490234,6.52568244934082,0.4591442942619324,0.014465073123574257,0.020994851365685463,0.9953950643539429,2606.0,2606.0,50.0,0.38633817434310913,36.1192512512207,7.676601886749268,0.46912243962287903,0.2729669213294983,0.2944522500038147,0.8896324634552002,897.0,897.0,50.0,5.280738353729248,26.39349365234375,3.455979108810425,0.40110084414482117,1.197041630744934,1.076664686203003,0.5076923966407776,65.0,65.0,37.0,18.18316650390625,16.677518844604492,1.98648202419281,0.4185956120491028,0.08905286341905594,0.08905284851789474,0.9639062881469727,8399.7578125,0.419987890625,1.7469768524169922,33.54954528808594,6.517983436584473,0.4546602964401245
15,649,0.08148321509361267,0.08312872797250748,0.9675506353378296,2866.0,2866.0,50.0,1.6767487525939941,33.4592170715332,6.38595724105835,0.45787787437438965,0.012473988346755505,0.011083441786468029,0.996583104133606,2634.0,2634.0,50.0,0.3365166485309601,36.19669723510742,7.5391035079956055,0.46922001242637634,0.25735539197921753,0.24613246321678162,0.8961040377616882,847.0,847.0,50.0,5.279251575469971,25.73667335510254,3.424417018890381,0.3992699682712555,1.175449013710022,0.9766903519630432,0.5094341039657593,53.0,53.0,34.0,17.835460662841797,16.762664794921875,2.055168390274048,0.4252548813819885,0.08541659265756607,0.08541659265756607,0.9662500619888306,8399.6728515625,0.41998364257812504,1.7357425689697266,33.42556381225586,6.432743072509766,0.4545193314552307
15,699,0.06633618474006653,0.0784304291009903,0.9726076722145081,2811.0,2811.0,50.0,1.4116990566253662,33.825130462646484,6.542720794677734,0.4589041471481323,0.013653690926730633,0.014988373965024948,0.9961494207382202,2597.0,2597.0,50.0,0.3735324740409851,36.25571060180664,7.697992324829102,0.4705981910228729,0.22928021848201752,0.19047623872756958,0.9145570397377014,948.0,948.0,50.0,4.859465599060059,25.98577117919922,3.420067071914673,0.3988844156265259,1.2623350620269775,1.089982271194458,0.5681818127632141,44.0,44.0,28.0,16.93724822998047,17.431812286376953,2.2948296070098877,0.41737955808639526,0.07731717824935913,0.07731719315052032,0.9707812666893005,8399.591796875,0.41997958984375,1.6078691482543945,33.537506103515625,6.519760608673096,0.45447343587875366
15,749,0.07670044898986816,0.07404418289661407,0.9693377614021301,2870.0,2870.0,50.0,1.5315171480178833,33.72904968261719,6.388927459716797,0.45854175090789795,0.015289545059204102,0.014666064642369747,0.9961671233177185,2609.0,2609.0,50.0,0.4140118956565857,36.07323455810547,7.5167460441589355,0.46883624792099,0.2634451985359192,0.2194359302520752,0.8914819359779358,857.0,857.0,50.0,5.277702808380127,26.04199981689453,3.4484200477600098,0.4008476138114929,1.1595178842544556,0.9957727193832397,0.5312499403953552,64.0,64.0,36.0,16.130990982055664,19.372486114501953,2.2216415405273438,0.4184311032295227,0.08750036358833313,0.08750037103891373,0.9654686450958252,8399.5087890625,0.41997543945312504,1.7235915660858154,33.51176071166992,6.413264751434326,0.4546116590499878
15,799,0.06681306660175323,0.07183767110109329,0.970750093460083,2906.0,2906.0,50.0,1.4984805583953857,33.64265441894531,6.529876232147217,0.4595717787742615,0.015556085854768753,0.012072017416357994,0.9952607750892639,2532.0,2532.0,50.0,0.43180733919143677,36.056678771972656,7.561388969421387,0.46887630224227905,0.24968907237052917,0.2465975433588028,0.909091055393219,913.0,913.0,50.0,5.103859901428223,25.811786651611328,3.4107308387756348,0.3997509181499481,1.1874239444732666,1.163993000984192,0.5102041363716125,49.0,49.0,33.0,17.00211524963379,18.43352508544922,2.169137477874756,0.4257824718952179,0.08120258897542953,0.08120260387659073,0.9681249856948853,8399.4287109375,0.419971435546875,1.7095075845718384,33.3641357421875,6.459615707397461,0.45446038246154785
15,849,0.08042318373918533,0.08926306664943695,0.9647392630577087,2836.0,2836.0,50.0,1.6936527490615845,33.458797454833984,6.419806957244873,0.45919468998908997,0.011293248273432255,0.01132975798100233,0.997724711894989,2637.0,2637.0,50.0,0.3200618028640747,36.14148712158203,7.571593284606934,0.46800705790519714,0.22997869551181793,0.24137747287750244,0.9021616578102112,879.0,879.0,50.0,4.9573540687561035,25.96455955505371,3.4618823528289795,0.4007151424884796,1.0012227296829224,0.9603291749954224,0.6041666865348816,48.0,48.0,28.0,15.643177032470703,17.316007614135742,1.9945480823516846,0.420938640832901,0.07938598096370697,0.07938600331544876,0.9670314192771912,8399.34765625,0.4199673828125,1.6805607080459595,33.41379165649414,6.454936981201172,0.45450693368911743
15,899,0.07072381675243378,0.06218685209751129,0.9738147854804993,2826.0,2826.0,50.0,1.5488649606704712,33.57126998901367,6.484718322753906,0.45934775471687317,0.01277199573814869,0.015020745806396008,0.996242105960846,2661.0,2661.0,50.0,0.3424873650074005,36.040897369384766,7.616602897644043,0.4670320153236389,0.21297013759613037,0.20662209391593933,0.9182242155075073,856.0,856.0,50.0,4.7962541580200195,25.875446319580078,3.3379428386688232,0.4015641212463379,1.373654842376709,1.204950213432312,0.42105263471603394,57.0,57.0,31.0,19.05521583557129,16.144697189331055,2.129847764968872,0.41865718364715576,0.07725819945335388,0.07725821435451508,0.9707813262939453,8399.2666015625,0.41996333007812503,1.6375300884246826,33.41357421875,6.495668411254883,0.4544517695903778
15,949,0.0634206011891365,0.0674886405467987,0.9720552563667297,2827.0,2827.0,50.0,1.382152795791626,33.75441360473633,6.56334924697876,0.4592576026916504,0.012473841197788715,0.01120006013661623,0.9973452687263489,2637.0,2637.0,50.0,0.35697194933891296,35.993263244628906,7.55380392074585,0.4668300151824951,0.2531879246234894,0.25315338373184204,0.8843070268630981,873.0,873.0,50.0,5.231929779052734,26.286745071411133,3.4384121894836426,0.403070330619812,0.8581047058105469,0.8908690214157104,0.5555554032325745,63.0,63.0,32.0,15.666251182556152,17.527563095092773,1.9930803775787354,0.42180028557777405,0.07613706588745117,0.07613706588745117,0.9664062261581421,8399.1845703125,0.419959228515625,1.6254888772964478,33.49851989746094,6.5001983642578125,0.45434463024139404
15,999,0.07601183652877808,0.08296534419059753,0.9688732028007507,2795.0,2795.0,50.0,1.5615781545639038,33.80487060546875,6.517405033111572,0.4603908061981201,0.01447579637169838,0.01577385514974594,0.996951162815094,2624.0,2624.0,50.0,0.4005579352378845,36.0042839050293,7.536772727966309,0.4684571921825409,0.22722600400447845,0.1836150586605072,0.9017279148101807,926.0,926.0,50.0,4.832183361053467,26.020627975463867,3.4915878772735596,0.3992622494697571,1.0427038669586182,0.9656066298484802,0.4909091293811798,55.0,55.0,33.0,16.088769912719727,19.22842788696289,2.1666975021362305,0.42451563477516174,0.08096836507320404,0.08096836507320404,0.9665626287460327,8399.1044921875,0.419955224609375,1.6836185455322266,33.455078125,6.460158824920654,0.45454519987106323
15,1049,0.08278833329677582,0.07058186084032059,0.9640546441078186,2782.0,2782.0,50.0,1.6529160737991333,33.669700622558594,6.4864373207092285,0.4587934613227844,0.017034195363521576,0.01581021025776863,0.9936661124229431,2684.0,2684.0,50.0,0.42866677045822144,36.00320053100586,7.61748743057251,0.46778950095176697,0.21398252248764038,0.19391822814941406,0.9260971546173096,866.0,866.0,50.0,4.510148525238037,26.84746551513672,3.4767560958862305,0.4017840027809143,1.2445755004882812,1.6015582084655762,0.44117650389671326,68.0,68.0,34.0,17.820138931274414,17.035625457763672,2.1479074954986572,0.42392846941947937,0.08530890196561813,0.08530889451503754,0.9657812118530273,8399.021484375,0.41995107421875,1.697892427444458,33.548439025878906,6.507427215576172,0.45448166131973267
15,1099,0.0749254897236824,0.08517017215490341,0.9705024361610413,2746.0,2746.0,50.0,1.5124108791351318,33.776851654052734,6.489601135253906,0.45900672674179077,0.01146052498370409,0.013837674632668495,0.9973516464233398,2643.0,2643.0,50.0,0.3133854568004608,36.29750442504883,7.614325523376465,0.4700901210308075,0.2708354890346527,0.2197050303220749,0.8955696225166321,948.0,948.0,50.0,5.244202136993408,25.982484817504883,3.450925588607788,0.4000649154186249,1.0255168676376343,0.8979583382606506,0.58730149269104,63.0,63.0,32.0,14.875587463378906,19.509273529052734,2.2629520893096924,0.4152040481567383,0.08709296584129333,0.08709299564361572,0.9667187929153442,8398.9375,0.419946875,1.7015661001205444,33.5228157043457,6.462367057800293,0.45442187786102295
15,1149,0.07978678494691849,0.06641341000795364,0.9651705026626587,2785.0,2785.0,50.0,1.6622986793518066,33.55128860473633,6.477560043334961,0.4593375027179718,0.01777738332748413,0.0159459225833416,0.9933307766914368,2699.0,2699.0,50.0,0.47482946515083313,35.899234771728516,7.4261369705200195,0.4678950309753418,0.24838556349277496,0.2573665380477905,0.9022986888885498,870.0,870.0,50.0,4.9679765701293945,26.15488624572754,3.4355852603912354,0.39758989214897156,1.2480182647705078,1.2914143800735474,0.5434783697128296,46.0,46.0,27.0,17.09813117980957,20.978572845458984,2.364013671875,0.4214249551296234,0.08495179563760757,0.08495181798934937,0.9654686450958252,8398.8564453125,0.419942822265625,1.721831202507019,33.445648193359375,6.434508323669434,0.4542800784111023
15,1199,0.0781165063381195,0.0832677111029625,0.9680889844894409,2789.0,2789.0,50.0,1.6139869689941406,33.611175537109375,6.536588191986084,0.4594505727291107,0.011679261922836304,0.011216240003705025,0.9961948394775391,2628.0,2628.0,50.0,0.332874059677124,36.17740249633789,7.655248641967773,0.46909183263778687,0.24402938783168793,0.17600342631340027,0.8935484290122986,930.0,930.0,50.0,5.172795295715332,25.951248168945312,3.314208507537842,0.40040773153305054,1.0785856246948242,0.8957048654556274,0.4905660152435303,53.0,53.0,35.0,16.34809112548828,18.194847106933594,2.1994388103485107,0.4142289459705353,0.08323007822036743,0.08323006331920624,0.96484375,8398.775390625,0.41993876953125003,1.727086067199707,33.4241828918457,6.491768836975098,0.4544553756713867
15,1249,0.07145915180444717,0.07653651386499405,0.969890296459198,2823.0,2823.0,50.0,1.5360561609268188,33.58509063720703,6.465040683746338,0.45875686407089233,0.014725870452821255,0.014601243659853935,0.9953986406326294,2608.0,2608.0,50.0,0.39233002066612244,36.18259811401367,7.631410598754883,0.4699796140193939,0.25017479062080383,0.2734468877315521,0.902869701385498,906.0,906.0,50.0,5.053918361663818,26.258407592773438,3.4419758319854736,0.3994097113609314,1.4028730392456055,1.4971611499786377,0.4285714626312256,63.0,63.0,40.0,17.87480926513672,19.17766571044922,2.344346284866333,0.41218870878219604,0.08674585819244385,0.08674587309360504,0.9654687643051147,8398.6923828125,0.419934619140625,1.728819727897644,33.464569091796875,6.471820831298828,0.4544703960418701
15,1271,0.07428160309791565,0.06851115822792053,0.9703050851821899,1246.0,1246.0,22.0,1.5322073698043823,33.71540069580078,6.530779838562012,0.4594228267669678,0.01634122058749199,0.014432067051529884,0.9946284294128418,1117.0,1117.0,22.0,0.43780186772346497,35.98994445800781,7.4564361572265625,0.4685129225254059,0.23110900819301605,0.23314522206783295,0.9107612371444702,381.0,381.0,22.0,4.675028324127197,26.57808494567871,3.4003608226776123,0.4012211859226227,0.9548711180686951,1.1188242435455322,0.5384615063667297,26.0,26.0,17.0,14.334425926208496,20.137311935424805,2.2140207290649414,0.4073411226272583,0.08078973740339279,0.08075350522994995,0.9678701162338257,8398.6572265625,0.419932861328125,1.6433343887329102,33.52345657348633,6.432957649230957,0.4545941948890686
16,49,0.05994435399770737,0.055932801216840744,0.9781229496002197,2834.0,2834.0,50.0,1.3259676694869995,33.930240631103516,6.576092720031738,0.4604235589504242,0.01872299611568451,0.01900624670088291,0.9927728772163391,2629.0,2629.0,50.0,0.48366254568099976,35.83951950073242,7.504885673522949,0.4674614667892456,0.2128477543592453,0.20487670600414276,0.9188275933265686,887.0,887.0,50.0,4.530419826507568,26.397315979003906,3.484177827835083,0.3992444574832916,1.155881643295288,1.401387095451355,0.46000009775161743,50.0,50.0,34.0,17.898143768310547,14.736384391784668,1.9244328737258911,0.4090176820755005,0.07276484370231628,0.07276485860347748,0.9718750715255737,8398.576171875,0.41992880859375004,1.5535515546798706,33.52056884765625,6.492762565612793,0.45443397760391235
16,99,0.07447779923677444,0.06594596803188324,0.9660470485687256,2798.0,2798.0,50.0,1.5766537189483643,33.65349197387695,6.484152317047119,0.45893406867980957,0.011722078546881676,0.008306222967803478,0.9961846470832825,2621.0,2621.0,50.0,0.3365417420864105,36.137184143066406,7.605156421661377,0.4687785804271698,0.2794263958930969,0.2602176070213318,0.8875676393508911,925.0,925.0,50.0,5.328965663909912,26.524473190307617,3.528364896774292,0.4023270905017853,1.1661365032196045,1.2935072183609009,0.5535714030265808,56.0,56.0,34.0,16.423330307006836,19.64911460876465,2.245662212371826,0.42156079411506653,0.08795084804296494,0.08795085549354553,0.9634374380111694,8398.494140625,0.41992470703125,1.7410237789154053,33.517738342285156,6.478947639465332,0.45445719361305237
16,149,0.07397790253162384,0.0731658786535263,0.9698243141174316,2850.0,2850.0,50.0,1.536521077156067,33.748130798339844,6.489006996154785,0.4599895775318146,0.014147504232823849,0.012974323704838753,0.9969430565834045,2617.0,2617.0,50.0,0.4019453823566437,35.91483688354492,7.437882423400879,0.4673420786857605,0.22285744547843933,0.19930073618888855,0.910614550113678,895.0,895.0,50.0,4.769108772277832,26.364757537841797,3.493476390838623,0.4004236161708832,0.7590282559394836,0.7840386033058167,0.5789474248886108,38.0,38.0,25.0,13.234058380126953,18.0279598236084,2.0929036140441895,0.4222566783428192,0.07440024614334106,0.07440023869276047,0.9703123569488525,8398.4130859375,0.41992065429687503,1.5940972566604614,33.50825500488281,6.432000160217285,0.4544420838356018
16,199,0.07605306804180145,0.0680946484208107,0.9689892530441284,2741.0,2741.0,50.0,1.551339864730835,33.610496520996094,6.446167945861816,0.45809414982795715,0.014236132614314556,0.009491989389061928,0.9974358081817627,2730.0,2730.0,50.0,0.36973297595977783,36.07557678222656,7.587051868438721,0.46836188435554504,0.24560856819152832,0.21596845984458923,0.8937141299247742,875.0,875.0,50.0,5.076394557952881,26.24015998840332,3.4499080181121826,0.4024450182914734,1.1132844686508179,0.9885234832763672,0.5555554628372192,54.0,54.0,32.0,16.63947105407715,18.33190155029297,2.146766424179077,0.4144991636276245,0.0816173329949379,0.0816173329949379,0.9673435688018799,8398.33203125,0.41991660156250005,1.6565577983856201,33.525428771972656,6.486905097961426,0.4544978737831116
16,249,0.07196639478206635,0.06927262991666794,0.9719120860099792,2777.0,2777.0,50.0,1.496449589729309,33.73768615722656,6.524774074554443,0.4599555432796478,0.012757671065628529,0.01490713469684124,0.9965920448303223,2641.0,2641.0,50.0,0.3528144657611847,36.15229415893555,7.61823844909668,0.4686172604560852,0.21366746723651886,0.17463187873363495,0.921251118183136,927.0,927.0,50.0,4.795004367828369,25.52971649169922,3.4339001178741455,0.3991950750350952,1.1950292587280273,0.8312245607376099,0.5090908408164978,55.0,55.0,36.0,17.517196655273438,18.532535552978516,2.1347568035125732,0.4222380518913269,0.0777093917131424,0.0777093768119812,0.9707812070846558,8398.2490234375,0.41991245117187503,1.63997483253479,33.414546966552734,6.490578651428223,0.45440495014190674
16,299,0.06879622489213943,0.05836045369505882,0.9719003438949585,2847.0,2847.0,50.0,1.4511051177978516,33.82220458984375,6.526463985443115,0.45947033166885376,0.014275058172643185,0.012060883454978466,0.9972984194755554,2591.0,2591.0,50.0,0.3868504464626312,36.11416244506836,7.586214065551758,0.46927711367607117,0.24917379021644592,0.2489345520734787,0.8972678780555725,915.0,915.0,50.0,5.042409896850586,26.077617645263672,3.508528709411621,0.3997945785522461,0.893410861492157,1.0570813417434692,0.5744681358337402,47.0,47.0,32.0,14.036919593811035,18.183134078979492,2.083634614944458,0.4150712788105011,0.07856778800487518,0.07856778800487518,0.9685938358306885,8398.1689453125,0.41990844726562504,1.626119613647461,33.52800750732422,6.491399765014648,0.45458272099494934
16,349,0.06999646127223969,0.05794714018702507,0.9753271341323853,2675.0,2675.0,50.0,1.4753648042678833,33.65160369873047,6.504952907562256,0.4596187174320221,0.014405705034732819,0.009653122164309025,0.9955089688301086,2672.0,2672.0,50.0,0.37451988458633423,36.206520080566406,7.706131935119629,0.4698083996772766,0.2196907252073288,0.17723551392555237,0.9202826023101807,991.0,991.0,50.0,4.4051995277404785,27.090381622314453,3.6151282787323,0.40139901638031006,0.9385834336280823,0.9131644368171692,0.5483870506286621,62.0,62.0,36.0,15.841851234436035,16.291627883911133,2.0338807106018066,0.41918420791625977,0.07838097214698792,0.07838097959756851,0.9710937142372131,8398.0869140625,0.419904345703125,1.6086039543151855,33.534141540527344,6.515660285949707,0.45446622371673584
16,399,0.07681000232696533,0.07404302060604095,0.9686413407325745,2870.0,2870.0,50.0,1.5662130117416382,33.81116485595703,6.511065483093262,0.45993173122406006,0.015313956886529922,0.01687881350517273,0.9948839545249939,2541.0,2541.0,50.0,0.399438738822937,36.11173629760742,7.5916972160339355,0.4687749147415161,0.2089463621377945,0.23458828032016754,0.9201725721359253,927.0,927.0,50.0,4.465290069580078,26.692745208740234,3.581249237060547,0.4012790024280548,1.1225221157073975,1.3208630084991455,0.4838710427284241,62.0,62.0,30.0,17.04564666748047,18.00872802734375,2.0587069988250732,0.4143821597099304,0.0816635936498642,0.08166360855102539,0.967343807220459,8398.005859375,0.41990029296875003,1.6728373765945435,33.54042053222656,6.472612380981445,0.4545060098171234
16,449,0.07488993555307388,0.07337972521781921,0.9673294425010681,2816.0,2816.0,50.0,1.5890860557556152,33.6888542175293,6.5047478675842285,0.459153950214386,0.011935711838304996,0.008601631037890911,0.9973484873771667,2640.0,2640.0,50.0,0.33961912989616394,36.10513687133789,7.572818279266357,0.4688890874385834,0.2056688815355301,0.19606676697731018,0.9174108505249023,896.0,896.0,50.0,4.412883758544922,26.65696144104004,3.6072895526885986,0.3986232280731201,0.9322034120559692,1.0784962177276611,0.6249999403953552,48.0,48.0,30.0,14.452526092529297,18.34790802001953,2.3100478649139404,0.43031471967697144,0.07366020232439041,0.0736602246761322,0.970156192779541,8397.92578125,0.41989628906250004,1.5654884576797485,33.5860481262207,6.508222579956055,0.4544790983200073
16,499,0.06460752338171005,0.061414070427417755,0.9708806872367859,2816.0,2816.0,50.0,1.45879065990448,33.65257263183594,6.5416083335876465,0.4593583047389984,0.015356709249317646,0.01633998565375805,0.9965844750404358,2635.0,2635.0,50.0,0.4064359664916992,36.06040573120117,7.597542762756348,0.46861398220062256,0.21490557491779327,0.1780698001384735,0.924107015132904,896.0,896.0,50.0,4.823376655578613,25.855993270874023,3.340991497039795,0.40044835209846497,1.0872268676757812,1.026282548904419,0.5660377144813538,53.0,53.0,34.0,15.191123008728027,19.393064498901367,2.2557175159454346,0.4131835401058197,0.07384032756090164,0.07384033501148224,0.9715625047683716,8397.84375,0.4198921875,1.6102793216705322,33.4343147277832,6.492777347564697,0.4545392394065857
16,549,0.0730322077870369,0.069811150431633,0.9695761799812317,2761.0,2761.0,50.0,1.5208406448364258,33.7996711730957,6.605825901031494,0.45944997668266296,0.015794910490512848,0.01490058097988367,0.9951255321502686,2667.0,2667.0,50.0,0.4167124927043915,36.02112579345703,7.650362014770508,0.4682855010032654,0.24886295199394226,0.2396785318851471,0.9021738171577454,920.0,920.0,50.0,5.110877990722656,26.043617248535156,3.458383798599243,0.40111446380615234,1.1058166027069092,1.3355786800384521,0.5192306637763977,52.0,52.0,36.0,16.072856903076172,18.032241821289062,2.2189762592315674,0.41896870732307434,0.08284740895032883,0.08284740149974823,0.9668749570846558,8397.763671875,0.41988818359375,1.6950325965881348,33.48234939575195,6.55301570892334,0.45441728830337524
16,599,0.0797874927520752,0.11135276407003403,0.9679999351501465,2875.0,2875.0,50.0,1.6385186910629272,33.63591766357422,6.510246276855469,0.459321528673172,0.014195553958415985,0.015505053102970123,0.9972994327545166,2592.0,2592.0,50.0,0.3882765471935272,36.016090393066406,7.571602821350098,0.467967689037323,0.24314740300178528,0.1644999235868454,0.9006927609443665,866.0,866.0,50.0,4.751299858093262,26.800264358520508,3.6120388507843018,0.4009547829627991,0.9215184450149536,0.6375135779380798,0.5373134613037109,67.0,67.0,41.0,14.318977355957031,19.354068756103516,2.2377803325653076,0.41586199402809143,0.08413928002119064,0.08413926512002945,0.9662500023841858,8397.681640625,0.41988408203125,1.68611741065979,33.52542495727539,6.503204822540283,0.45447051525115967
16,649,0.06604160368442535,0.05669567734003067,0.9732175469398499,2763.0,2763.0,50.0,1.4092739820480347,33.807701110839844,6.613912105560303,0.45923078060150146,0.011158393695950508,0.011412953957915306,0.998485803604126,2642.0,2642.0,50.0,0.3243870735168457,36.06950759887695,7.73321008682251,0.46819156408309937,0.2812386155128479,0.3319348096847534,0.8948474526405334,951.0,951.0,50.0,5.462443828582764,26.048357009887695,3.3980939388275146,0.4043315351009369,1.4503580331802368,1.033487319946289,0.47727271914482117,44.0,44.0,32.0,18.79173469543457,17.32182502746582,2.210742950439453,0.41598546504974365,0.08487924933433533,0.08487923443317413,0.9685935974121094,8397.599609375,0.41987998046875,1.683199167251587,33.475074768066406,6.567850112915039,0.45447492599487305
16,699,0.07783253490924835,0.06589562445878983,0.965746283531189,2861.0,2861.0,50.0,1.6473922729492188,33.52626037597656,6.492683410644531,0.46025997400283813,0.015442963689565659,0.012285612523555756,0.9957612156867981,2595.0,2595.0,50.0,0.421511709690094,35.91299819946289,7.5451788902282715,0.4674132466316223,0.2413470447063446,0.21910293400287628,0.8971750736236572,885.0,885.0,50.0,4.887192726135254,26.226051330566406,3.4725728034973145,0.40030720829963684,1.0289487838745117,1.0351040363311768,0.5762710571289062,59.0,59.0,32.0,15.36644172668457,17.240341186523438,2.070359468460083,0.4228563904762268,0.08391460031270981,0.0839146077632904,0.9648438096046448,8397.5185546875,0.41987592773437504,1.7248122692108154,33.334388732910156,6.4610443115234375,0.45452529191970825
16,749,0.07911943644285202,0.06883250176906586,0.9689173698425293,2799.0,2799.0,50.0,1.6086009740829468,33.5192756652832,6.543811321258545,0.45903125405311584,0.011956126429140568,0.010794073343276978,0.9973584413528442,2650.0,2650.0,50.0,0.34023091197013855,36.15256881713867,7.648911952972412,0.46874451637268066,0.236643984913826,0.2361571490764618,0.907284677028656,906.0,906.0,50.0,4.964919567108154,25.89350700378418,3.4198405742645264,0.4004724621772766,1.24815034866333,0.9940831661224365,0.4000000059604645,45.0,45.0,29.0,17.970741271972656,18.135229110717773,2.2094154357910156,0.4178374111652374,0.08182892948389053,0.08182895183563232,0.9679687023162842,8397.43359375,0.4198716796875,1.6735916137695312,33.421932220458984,6.5286784172058105,0.4544737935066223
16,799,0.08298775553703308,0.07568629086017609,0.9665364027023315,2809.0,2809.0,50.0,1.6565334796905518,33.62312316894531,6.506461143493652,0.460134893655777,0.011509189382195473,0.011880173347890377,0.9972962141036987,2589.0,2589.0,50.0,0.31422048807144165,36.20648193359375,7.726999282836914,0.46882393956184387,0.2372533529996872,0.21618124842643738,0.9006409645080566,936.0,936.0,50.0,4.973677158355713,26.055419921875,3.469533681869507,0.40063634514808655,1.3957972526550293,1.2764898538589478,0.469696968793869,66.0,66.0,36.0,18.254892349243164,18.645570755004883,2.299351930618286,0.4143962860107422,0.09017214179039001,0.09017212688922882,0.96421879529953,8397.3515625,0.41986757812500003,1.7698286771774292,33.40694046020508,6.512670516967773,0.454476535320282
16,849,0.0756526067852974,0.08483285456895828,0.9666780829429626,2911.0,2911.0,50.0,1.6260688304901123,33.49958038330078,6.43070125579834,0.458930641412735,0.01516493409872055,0.014005320146679878,0.9953773617744446,2596.0,2596.0,50.0,0.4111214876174927,35.92620086669922,7.5672926902771,0.4678427577018738,0.20803751051425934,0.18610486388206482,0.9207100868225098,845.0,845.0,50.0,4.4099507331848145,26.81533432006836,3.5530319213867188,0.39984095096588135,1.0784863233566284,1.1232726573944092,0.4791666865348816,48.0,48.0,31.0,16.998828887939453,17.329774856567383,2.047861099243164,0.41519659757614136,0.07611747831106186,0.07611749321222305,0.9685936570167542,8397.271484375,0.41986357421875004,1.6161110401153564,33.48007583618164,6.478917598724365,0.4544159173965454
16,899,0.07187250256538391,0.07277555763721466,0.9707929491996765,2876.0,2876.0,50.0,1.5413627624511719,33.638160705566406,6.5723724365234375,0.4599651098251343,0.010498154908418655,0.009648586623370647,0.9984466433525085,2575.0,2575.0,50.0,0.2923412322998047,36.13698959350586,7.758638858795166,0.4680618345737457,0.23301704227924347,0.21945607662200928,0.906531572341919,888.0,888.0,50.0,5.079318046569824,25.500232696533203,3.2923147678375244,0.39914530515670776,1.047527551651001,0.8809416890144348,0.5081966519355774,61.0,61.0,39.0,17.22982406616211,16.382526397705078,1.9804588556289673,0.4253232479095459,0.07883691787719727,0.07883694022893906,0.9685938358306885,8397.189453125,0.41985947265625,1.6792486906051636,33.349945068359375,6.550785064697266,0.45445382595062256
16,949,0.07043645530939102,0.06846509128808975,0.9694629311561584,2718.0,2718.0,50.0,1.4342265129089355,33.90348815917969,6.622768402099609,0.46000227332115173,0.010920724831521511,0.010237683542072773,0.998537540435791,2735.0,2735.0,50.0,0.3219890892505646,35.990474700927734,7.6542840003967285,0.4672533869743347,0.22730517387390137,0.20468056201934814,0.9018058776855469,886.0,886.0,50.0,4.914597511291504,25.861839294433594,3.4642324447631836,0.40084928274154663,0.9261103868484497,0.7570201754570007,0.6557377576828003,61.0,61.0,33.0,14.430684089660645,17.07868194580078,2.113435745239258,0.42516839504241943,0.07487493753433228,0.07487493753433228,0.9695312976837158,8397.1083984375,0.41985541992187503,1.5646049976348877,33.52172088623047,6.583340644836426,0.4545799791812897
16,999,0.07110138237476349,0.07866283506155014,0.9687718749046326,2850.0,2850.0,50.0,1.5172735452651978,33.711334228515625,6.637434005737305,0.4601345658302307,0.014345765113830566,0.019542526453733444,0.9949768781661987,2588.0,2588.0,50.0,0.3879549205303192,35.94786834716797,7.650356769561768,0.46722668409347534,0.21790242195129395,0.18720826506614685,0.9111112356185913,900.0,900.0,50.0,4.647369384765625,26.622230529785156,3.5414445400238037,0.40305373072624207,1.0903085470199585,1.170496940612793,0.5161290168762207,62.0,62.0,33.0,17.363967895507812,18.79594612121582,2.024719476699829,0.42288702726364136,0.07866829633712769,0.07866829633712769,0.9668749570846558,8397.029296875,0.41985146484375,1.6542898416519165,33.474334716796875,6.5669755935668945,0.45461463928222656
16,1049,0.06989128142595291,0.052218519151210785,0.9678800106048584,2802.0,2802.0,50.0,1.4734848737716675,33.75664520263672,6.606845855712891,0.4588884711265564,0.014635483734309673,0.012102940119802952,0.9970248937606812,2689.0,2689.0,50.0,0.40945693850517273,35.917572021484375,7.632317543029785,0.4678894281387329,0.2244914025068283,0.24853424727916718,0.9105884432792664,850.0,850.0,50.0,4.581147193908691,26.755069732666016,3.5565297603607178,0.40021368861198425,1.2209590673446655,1.2307045459747314,0.5254237651824951,59.0,59.0,34.0,16.7630558013916,18.211116790771484,2.246600866317749,0.4186815321445465,0.07781946659088135,0.07781945168972015,0.9684374928474426,8396.9453125,0.419847265625,1.5801140069961548,33.591365814208984,6.592388153076172,0.45450687408447266
16,1099,0.06118946895003319,0.0711754709482193,0.9775960445404053,2812.0,2812.0,50.0,1.3656013011932373,33.78407287597656,6.64069128036499,0.45990732312202454,0.015453177504241467,0.01573258265852928,0.9946970343589783,2640.0,2640.0,50.0,0.4228060841560364,35.884395599365234,7.655525207519531,0.46745988726615906,0.24957425892353058,0.23505549132823944,0.9030098915100098,897.0,897.0,50.0,5.0497517585754395,26.457508087158203,3.4841561317443848,0.4031805098056793,0.9822187423706055,1.1106210947036743,0.5490196347236633,51.0,51.0,32.0,15.30482006072998,21.043216705322266,2.2340781688690186,0.4127909541130066,0.07606597989797592,0.07606600970029831,0.9707813262939453,8396.865234375,0.41984326171875,1.6041332483291626,33.522064208984375,6.581787109375,0.4546966850757599
16,1149,0.07063034176826477,0.07203063368797302,0.9695120453834534,2788.0,2788.0,50.0,1.5463104248046875,33.5484733581543,6.493751049041748,0.459717333316803,0.012067312374711037,0.014152277261018753,0.9958270788192749,2636.0,2636.0,50.0,0.3406904339790344,36.04507827758789,7.6687846183776855,0.4676702916622162,0.2179102599620819,0.16307011246681213,0.9127589464187622,917.0,917.0,50.0,4.5727338790893555,26.747201919555664,3.544060707092285,0.40291768312454224,0.8745238780975342,0.8129503130912781,0.5423729419708252,59.0,59.0,34.0,15.578773498535156,16.117122650146484,1.9996464252471924,0.420149028301239,0.07502308487892151,0.07502304017543793,0.9682811498641968,8396.78515625,0.41983925781250003,1.6127371788024902,33.44157409667969,6.513652801513672,0.45448988676071167
16,1199,0.06439170986413956,0.07167988270521164,0.9755257964134216,2901.0,2901.0,50.0,1.3517018556594849,33.91750717163086,6.628199577331543,0.45942044258117676,0.01246731635183096,0.009661923162639141,0.9968516826629639,2541.0,2541.0,50.0,0.3336692750453949,36.03415298461914,7.6403961181640625,0.46758708357810974,0.21571676433086395,0.19768331944942474,0.9171332120895386,893.0,893.0,50.0,4.790656089782715,26.24312400817871,3.488093376159668,0.4052080512046814,0.8208436369895935,0.8472514748573303,0.6615383625030518,65.0,65.0,40.0,13.39498233795166,20.11501693725586,2.316504716873169,0.4133356213569641,0.07257341593503952,0.07257339358329773,0.9726563096046448,8396.705078125,0.41983525390625004,1.5496673583984375,33.54688262939453,6.548139572143555,0.4546304941177368
16,1249,0.07086681574583054,0.05904778093099594,0.9709689021110535,2859.0,2859.0,50.0,1.5125174522399902,33.67275619506836,6.558192253112793,0.45938897132873535,0.015577364712953568,0.01184836681932211,0.9962587952613831,2673.0,2673.0,50.0,0.4148402214050293,35.77427291870117,7.519701957702637,0.46578270196914673,0.2317364364862442,0.24477027356624603,0.8991495370864868,823.0,823.0,50.0,4.921838283538818,26.56052017211914,3.561553716659546,0.40256795287132263,0.8261829614639282,0.6177812218666077,0.6666666865348816,45.0,45.0,30.0,13.870102882385254,17.971479415893555,2.0395667552948,0.41334304213523865,0.07377248257398605,0.07377247512340546,0.970156192779541,8396.6220703125,0.419831103515625,1.5793722867965698,33.52547836303711,6.542652130126953,0.4544287919998169
16,1271,0.06624211370944977,0.06627770513296127,0.9770492315292358,1220.0,1220.0,22.0,1.367443323135376,33.78196716308594,6.669016361236572,0.4588046669960022,0.009013392962515354,0.0086811613291502,0.9991296529769897,1149.0,1149.0,22.0,0.27031850814819336,36.045738220214844,7.69397497177124,0.46682003140449524,0.24136167764663696,0.2363162338733673,0.9138380885124207,383.0,383.0,22.0,4.943506240844727,26.59044647216797,3.484140634536743,0.40637698769569397,0.845248818397522,0.7186999320983887,0.6666666865348816,18.0,18.0,12.0,14.647977828979492,20.76234245300293,2.1981632709503174,0.4317203164100647,0.07198143750429153,0.07177897542715073,0.9754512310028076,8396.5869140625,0.419829345703125,1.4931057691574097,33.64202880859375,6.624754905700684,0.4547044336795807
17,49,0.07465305179357529,0.08027929812669754,0.9680396914482117,2816.0,2816.0,50.0,1.5842084884643555,33.58348846435547,6.59056282043457,0.4594764709472656,0.01198998000472784,0.009718510322272778,0.9973693490028381,2661.0,2661.0,50.0,0.34175917506217957,35.96459197998047,7.708031177520752,0.46688103675842285,0.24529825150966644,0.206238254904747,0.9050927758216858,864.0,864.0,50.0,4.9608564376831055,26.487648010253906,3.5124380588531494,0.4041213393211365,0.888897716999054,0.9728333353996277,0.5762711763381958,59.0,59.0,33.0,15.107675552368164,16.6501522064209,1.9878277778625488,0.4166862666606903,0.07914236187934875,0.07914233952760696,0.9681249856948853,8396.5048828125,0.419825244140625,1.6481382846832275,33.45946502685547,6.597207069396973,0.4546877443790436
17,99,0.06102818250656128,0.060058996081352234,0.9763694405555725,2793.0,2793.0,50.0,1.3045382499694824,34.01161193847656,6.783144950866699,0.4605564773082733,0.014312304556369781,0.013744362629950047,0.9954179525375366,2619.0,2619.0,50.0,0.3802157938480377,35.906227111816406,7.716250896453857,0.4672710597515106,0.19703097641468048,0.18614736199378967,0.9284953474998474,937.0,937.0,50.0,4.3175368309021,26.908424377441406,3.630168914794922,0.403506875038147,0.9896427989006042,0.659433126449585,0.6078431606292725,51.0,51.0,31.0,16.142248153686523,15.086910247802734,1.9592194557189941,0.4172687232494354,0.06922274827957153,0.06922272592782974,0.9742187261581421,8396.4248046875,0.419821240234375,1.4856479167938232,33.596168518066406,6.664933204650879,0.454606831073761
17,149,0.07194392383098602,0.08479823172092438,0.9697951078414917,2781.0,2781.0,50.0,1.4520360231399536,33.90920639038086,6.627123832702637,0.460368275642395,0.012868672609329224,0.01255939994007349,0.9973685145378113,2660.0,2660.0,50.0,0.35572123527526855,35.98457717895508,7.697109222412109,0.4675133228302002,0.21930450201034546,0.2556394338607788,0.9087837934494019,888.0,888.0,50.0,4.57744836807251,26.804988861083984,3.6755013465881348,0.4007921516895294,0.9229826927185059,0.8738693594932556,0.5915492177009583,71.0,71.0,41.0,14.316646575927734,18.391094207763672,2.1627349853515625,0.42220115661621094,0.0772782489657402,0.0772782638669014,0.9685938358306885,8396.345703125,0.41981728515625,1.5727479457855225,33.61391830444336,6.612771987915039,0.45464831590652466
17,199,0.07763715833425522,0.06463310867547989,0.9680086970329285,2782.0,2782.0,50.0,1.5342563390731812,33.8580322265625,6.685918807983398,0.4604024291038513,0.011379415169358253,0.012864703312516212,0.9977282881736755,2641.0,2641.0,50.0,0.33175814151763916,36.06306076049805,7.712730884552002,0.4680257737636566,0.21115648746490479,0.19329877197742462,0.9120520353317261,921.0,921.0,50.0,4.636151313781738,26.317651748657227,3.561854839324951,0.4011509120464325,1.007063388824463,0.9850387573242188,0.642857015132904,56.0,56.0,32.0,14.257376670837402,20.691059112548828,2.3247385025024414,0.41861993074417114,0.07764222472906113,0.07764223217964172,0.9693751335144043,8396.263671875,0.41981318359375003,1.5957473516464233,33.567630767822266,6.621906280517578,0.4546559751033783
17,249,0.06593550741672516,0.06503048539161682,0.9686498641967773,2807.0,2807.0,50.0,1.4532246589660645,33.731201171875,6.644892692565918,0.46053338050842285,0.013751905411481857,0.013889430090785027,0.9965791702270508,2631.0,2631.0,50.0,0.3828620910644531,35.92647171020508,7.69577169418335,0.4677523374557495,0.21394799649715424,0.17990022897720337,0.9187706708908081,911.0,911.0,50.0,4.613865375518799,26.188493728637695,3.4986274242401123,0.4008123278617859,1.071516990661621,0.9651087522506714,0.49019601941108704,51.0,51.0,34.0,16.344558715820312,15.691932678222656,2.0889551639556885,0.4154896140098572,0.0735650360584259,0.0735650360584259,0.9692187309265137,8396.18359375,0.41980917968750003,1.5817680358886719,33.416255950927734,6.592746257781982,0.4546411633491516
17,299,0.07108046859502792,0.08882387727499008,0.9692750573158264,2799.0,2799.0,50.0,1.5408141613006592,33.73806381225586,6.710821151733398,0.4610998332500458,0.015461212955415249,0.01607462763786316,0.995070219039917,2637.0,2637.0,50.0,0.3719775676727295,35.944908142089844,7.7151079177856445,0.4662075638771057,0.2345861792564392,0.2240425944328308,0.9115044474601746,904.0,904.0,50.0,4.84326696395874,26.603595733642578,3.6026711463928223,0.4030369520187378,1.1224653720855713,1.2470691204071045,0.51666659116745,60.0,60.0,35.0,16.41643714904785,20.888246536254883,2.239572286605835,0.4235117435455322,0.0811154916882515,0.08111551403999329,0.9675002098083496,8396.1005859375,0.419805029296875,1.6651474237442017,33.519142150878906,6.643674850463867,0.4546506404876709
17,349,0.06833157688379288,0.05255962535738945,0.9730991125106812,2788.0,2788.0,50.0,1.5037283897399902,33.67790603637695,6.647823810577393,0.4601036012172699,0.012290626764297485,0.009523584507405758,0.9962134957313538,2641.0,2641.0,50.0,0.3481569290161133,36.01366424560547,7.7641754150390625,0.4675796329975128,0.253332257270813,0.22122885286808014,0.8835691213607788,919.0,919.0,50.0,5.111408710479736,26.086210250854492,3.53659987449646,0.40382546186447144,1.0117946863174438,1.326849341392517,0.5961539149284363,52.0,52.0,30.0,14.817987442016602,18.19061279296875,2.1786346435546875,0.41785570979118347,0.0794365182518959,0.07943650335073471,0.9667187929153442,8396.017578125,0.41980087890625,1.6530932188034058,33.42581558227539,6.625428676605225,0.454764187335968
17,399,0.06858033686876297,0.0668114721775055,0.970546543598175,2818.0,2818.0,50.0,1.42404305934906,33.9626350402832,6.650315761566162,0.4603424370288849,0.01236137468367815,0.010204792022705078,0.9969488978385925,2622.0,2622.0,50.0,0.34254220128059387,36.011592864990234,7.750187397003174,0.4675885736942291,0.20862677693367004,0.16519194841384888,0.9097909331321716,909.0,909.0,50.0,4.549633502960205,26.64508056640625,3.664719581604004,0.40237411856651306,0.7986074686050415,0.942402720451355,0.6274510622024536,51.0,51.0,30.0,12.737862586975098,19.951553344726562,2.2303922176361084,0.41079431772232056,0.07125652581453323,0.07125650346279144,0.9700000286102295,8395.939453125,0.41979697265625004,1.5150542259216309,33.65109634399414,6.641650199890137,0.45468294620513916
17,449,0.06995171308517456,0.05647824704647064,0.9726559519767761,2816.0,2816.0,50.0,1.5041834115982056,33.507293701171875,6.562727451324463,0.45865070819854736,0.014260833151638508,0.01251851674169302,0.9958600997924805,2657.0,2657.0,50.0,0.38710448145866394,35.954872131347656,7.690785884857178,0.4677339494228363,0.22028449177742004,0.1767846941947937,0.9169509410858154,879.0,879.0,50.0,4.6842803955078125,26.5770263671875,3.4789323806762695,0.40427014231681824,1.2370572090148926,1.520493984222412,0.45833325386047363,48.0,48.0,32.0,17.440841674804688,18.662446975708008,2.225013494491577,0.417125403881073,0.07623184472322464,0.07623185217380524,0.9707810878753662,8395.8564453125,0.41979282226562503,1.596712350845337,33.46025466918945,6.57497501373291,0.4546414017677307
17,499,0.07348840683698654,0.08416205644607544,0.9693445563316345,2838.0,2838.0,50.0,1.5609047412872314,33.755821228027344,6.664815425872803,0.4608859419822693,0.012405343353748322,0.012909193523228168,0.9977126121520996,2623.0,2623.0,50.0,0.33942824602127075,35.88909149169922,7.742264747619629,0.4661029577255249,0.21968187391757965,0.19734086096286774,0.9098084568977356,887.0,887.0,50.0,4.638131141662598,26.54267120361328,3.5001273155212402,0.4028221070766449,1.1625570058822632,1.069790005683899,0.5384616851806641,52.0,52.0,28.0,15.29221248626709,19.66246795654297,2.4532649517059326,0.4207964539527893,0.0775640457868576,0.07756407558917999,0.9692187309265137,8395.7744140625,0.419788720703125,1.598341464996338,33.51592254638672,6.633576393127441,0.4546510875225067
17,549,0.0702790692448616,0.07295019179582596,0.9733665585517883,2816.0,2816.0,50.0,1.4166325330734253,33.924076080322266,6.707084655761719,0.46022430062294006,0.013755160383880138,0.01327188778668642,0.9957917332649231,2614.0,2614.0,50.0,0.36710843443870544,35.982460021972656,7.814703464508057,0.46717318892478943,0.21297070384025574,0.1801009178161621,0.9066667556762695,900.0,900.0,50.0,4.726534366607666,26.139699935913086,3.4506986141204834,0.4040035903453827,0.8666583895683289,0.8373126983642578,0.642857015132904,70.0,70.0,40.0,14.5697660446167,17.96491241455078,2.0456628799438477,0.41900378465652466,0.07596904784440994,0.07596899569034576,0.969531238079071,8395.693359375,0.41978466796875,1.5972849130630493,33.495567321777344,6.650564193725586,0.4547055959701538
17,599,0.06464021652936935,0.06677791476249695,0.9753949046134949,2723.0,2723.0,50.0,1.4262198209762573,33.74475860595703,6.666098594665527,0.4599721431732178,0.014979280531406403,0.016151074320077896,0.9948568344116211,2722.0,2722.0,50.0,0.3902730643749237,35.96212387084961,7.7467427253723145,0.4676467478275299,0.22197793424129486,0.1771591603755951,0.9046051502227783,912.0,912.0,50.0,4.648554801940918,26.51340103149414,3.549978256225586,0.4020741581916809,0.9063584208488464,0.9782954454421997,0.674418568611145,43.0,43.0,28.0,13.125,20.14291763305664,2.3167190551757812,0.42063620686531067,0.07159473747015,0.0715947151184082,0.9715625643730164,8395.615234375,0.41978076171875,1.5234026908874512,33.565975189208984,6.652440547943115,0.45472151041030884
17,649,0.06354068219661713,0.07171513885259628,0.9764910340309143,2850.0,2850.0,50.0,1.4115941524505615,33.7744140625,6.720615863800049,0.45984557271003723,0.012708565220236778,0.014393692836165428,0.9973012804985046,2594.0,2594.0,50.0,0.3584830164909363,35.98625564575195,7.763920783996582,0.4680057764053345,0.19670617580413818,0.17244288325309753,0.9226518273353577,905.0,905.0,50.0,4.283658027648926,27.054309844970703,3.655935287475586,0.4025947153568268,1.0650562047958374,1.1540992259979248,0.4901960790157318,51.0,51.0,29.0,16.65488052368164,17.401609420776367,2.1407477855682373,0.4194377362728119,0.06974904239177704,0.06974904984235764,0.9734373092651367,8395.533203125,0.41977666015625004,1.5123528242111206,33.59016799926758,6.673619270324707,0.4547353684902191
17,699,0.06283287703990936,0.06632459908723831,0.9762070178985596,2816.0,2816.0,50.0,1.4055863618850708,33.70169448852539,6.753509998321533,0.4601745307445526,0.012368439696729183,0.01040723454207182,0.996223509311676,2648.0,2648.0,50.0,0.3422098755836487,35.89211654663086,7.789229869842529,0.4666917324066162,0.23144453763961792,0.22446981072425842,0.9132885336875916,888.0,888.0,50.0,4.605861186981201,26.971275329589844,3.6694514751434326,0.40352192521095276,1.2007074356079102,0.9848752021789551,0.4999999701976776,48.0,48.0,31.0,17.636314392089844,20.22369956970215,2.129587173461914,0.4297632575035095,0.07388214021921158,0.07388214021921158,0.9721872806549072,8395.4521484375,0.419772607421875,1.5313827991485596,33.57305145263672,6.719446182250977,0.4547823965549469
17,749,0.06140902638435364,0.07166913896799088,0.9753727912902832,2883.0,2883.0,50.0,1.2804012298583984,34.05911636352539,6.8043107986450195,0.45981326699256897,0.012623404152691364,0.016425780951976776,0.9964980483055115,2570.0,2570.0,50.0,0.3459056317806244,35.955902099609375,7.791781425476074,0.4669916331768036,0.23228009045124054,0.18625712394714355,0.9103139042854309,892.0,892.0,50.0,4.784749984741211,26.890329360961914,3.6567115783691406,0.4059775471687317,0.850652277469635,0.8571622967720032,0.6727271676063538,55.0,55.0,37.0,13.96615219116211,19.587923049926758,2.14937424659729,0.42451754212379456,0.0724162757396698,0.0724162682890892,0.9721875190734863,8395.37109375,0.4197685546875,1.5025795698165894,33.69728088378906,6.722142219543457,0.45488911867141724
17,799,0.066294826567173,0.05872559919953346,0.9745200872421265,2865.0,2865.0,50.0,1.4148378372192383,33.8631591796875,6.695390701293945,0.4602229595184326,0.010331874713301659,0.009304840117692947,0.9973425269126892,2634.0,2634.0,50.0,0.3009960353374481,35.971099853515625,7.752177715301514,0.4663759768009186,0.1861480474472046,0.19301633536815643,0.9322429895401001,856.0,856.0,50.0,4.201765060424805,26.84141731262207,3.578580856323242,0.4034464359283447,1.0222067832946777,1.016809344291687,0.6222221851348877,45.0,45.0,27.0,15.313185691833496,17.532119750976562,2.064293384552002,0.4191395938396454,0.06601422280073166,0.06601420044898987,0.9757813215255737,8395.291015625,0.41976455078125,1.426896572113037,33.67672348022461,6.680889129638672,0.45487260818481445
17,849,0.06619271636009216,0.0739724263548851,0.9718559980392456,2807.0,2807.0,50.0,1.4404534101486206,33.86591720581055,6.7789764404296875,0.4605688750743866,0.012441634200513363,0.013234710320830345,0.9977107048034668,2621.0,2621.0,50.0,0.3520166873931885,35.876041412353516,7.836938858032227,0.4668371379375458,0.2419811338186264,0.20992285013198853,0.9007632732391357,917.0,917.0,50.0,5.108449459075928,26.33047866821289,3.600353479385376,0.4058152735233307,1.1667742729187012,0.9758774638175964,0.4000000059604645,55.0,55.0,38.0,18.26276969909668,14.490845680236816,1.902988076210022,0.41192197799682617,0.07882528007030487,0.07882527261972427,0.9673436284065247,8395.208984375,0.41976044921875,1.6648263931274414,33.44293212890625,6.71490478515625,0.45487266778945923
17,899,0.06608159840106964,0.06223350763320923,0.9741319417953491,2822.0,2822.0,50.0,1.4658690690994263,33.67467498779297,6.660303592681885,0.46064066886901855,0.015036039985716343,0.021175861358642578,0.9950286746025085,2615.0,2615.0,50.0,0.4069301187992096,35.858665466308594,7.801229000091553,0.466958612203598,0.21016301214694977,0.19616776704788208,0.9133771061897278,912.0,912.0,50.0,4.442856311798096,26.87845230102539,3.6768271923065186,0.4034276306629181,0.8693651556968689,1.3120100498199463,0.6274510025978088,51.0,51.0,32.0,13.450288772583008,17.990318298339844,2.1432483196258545,0.41777873039245605,0.07215747237205505,0.07215747237205505,0.971250057220459,8395.1298828125,0.41975649414062505,1.5529147386550903,33.473594665527344,6.665338039398193,0.4547277092933655
17,949,0.06693877279758453,0.06329237669706345,0.9716439247131348,2786.0,2786.0,50.0,1.3863314390182495,33.81686782836914,6.675901889801025,0.46025750041007996,0.010544770397245884,0.008334369398653507,0.9973240494728088,2616.0,2616.0,50.0,0.2861248254776001,36.1697998046875,7.968426704406738,0.4683346748352051,0.2423066347837448,0.23827219009399414,0.9049144387245178,936.0,936.0,50.0,4.906223773956299,26.547956466674805,3.560180902481079,0.40394914150238037,1.0043214559555054,0.9122941493988037,0.5161290168762207,62.0,62.0,37.0,14.81783390045166,20.673852920532227,2.4117422103881836,0.42242345213890076,0.07861616462469101,0.0786161720752716,0.9679686427116394,8395.0458984375,0.41975229492187505,1.5815238952636719,33.588226318359375,6.70723819732666,0.45495742559432983
17,999,0.07140365242958069,0.071291983127594,0.9727815985679626,2829.0,2829.0,50.0,1.4876593351364136,33.716552734375,6.690193176269531,0.4604300558567047,0.01029081642627716,0.011266526766121387,0.9984656572341919,2607.0,2607.0,50.0,0.307148814201355,36.04074478149414,7.778773784637451,0.4676850438117981,0.20380927622318268,0.2216423898935318,0.9154773950576782,911.0,911.0,50.0,4.099088191986084,27.41291618347168,3.8242907524108887,0.4032393991947174,0.9795132279396057,1.1340630054473877,0.5660378336906433,53.0,53.0,29.0,15.021728515625,17.750396728515625,2.137432336807251,0.4181816875934601,0.07287713140249252,0.07287711650133133,0.9717186093330383,8394.96484375,0.4197482421875,1.4905853271484375,33.63379669189453,6.687973976135254,0.4548947215080261
17,1049,0.06538820266723633,0.07165078073740005,0.97380530834198,2825.0,2825.0,50.0,1.437671184539795,33.67900848388672,6.701152801513672,0.4588969647884369,0.012451071292161942,0.014231294393539429,0.997358500957489,2650.0,2650.0,50.0,0.34561386704444885,35.97700881958008,7.759476184844971,0.4674466848373413,0.2051447182893753,0.19806556403636932,0.9164730906486511,862.0,862.0,50.0,4.233964443206787,27.61778450012207,3.7447307109832764,0.40541547536849976,0.8943650126457214,1.0325225591659546,0.6349206566810608,63.0,63.0,36.0,14.148040771484375,20.894824981689453,2.1842000484466553,0.4159724712371826,0.07045263797044754,0.07045262306928635,0.9724999666213989,8394.8828125,0.41974414062500004,1.4872345924377441,33.68830871582031,6.6967082023620605,0.4548112750053406
17,1099,0.06738676875829697,0.07027878612279892,0.9736473560333252,2846.0,2846.0,50.0,1.3803958892822266,33.751930236816406,6.7517595291137695,0.45871707797050476,0.011914447881281376,0.010732193477451801,0.9969172477722168,2595.0,2595.0,50.0,0.33550694584846497,36.086097717285156,7.866379737854004,0.46872392296791077,0.23697394132614136,0.25497037172317505,0.9185022115707397,908.0,908.0,50.0,4.652318954467773,26.61724090576172,3.6356329917907715,0.404845654964447,1.021306037902832,1.437961459159851,0.5098038911819458,51.0,51.0,35.0,15.956652641296387,17.11736488342285,2.042623519897461,0.4269388020038605,0.07655619829893112,0.07655619829893112,0.9715626239776611,8394.8046875,0.419740234375,1.537084698677063,33.55356979370117,6.724076747894287,0.4548783302307129
17,1149,0.07512614130973816,0.0806344598531723,0.9713594317436218,2898.0,2898.0,50.0,1.5219005346298218,33.631370544433594,6.7097320556640625,0.45883631706237793,0.011557784862816334,0.007342243567109108,0.9973251819610596,2617.0,2617.0,50.0,0.33157190680503845,35.93010330200195,7.763352870941162,0.46710819005966187,0.22376345098018646,0.22671212255954742,0.916058361530304,822.0,822.0,50.0,4.573177337646484,27.01613426208496,3.6968071460723877,0.40346407890319824,1.1119794845581055,1.041003704071045,0.5079364776611328,63.0,63.0,39.0,15.949653625488281,19.716384887695312,2.2311184406280518,0.42399153113365173,0.07842977344989777,0.07842977344989777,0.9703124761581421,8394.720703125,0.41973603515625,1.5690892934799194,33.584716796875,6.709505081176758,0.45476388931274414
17,1199,0.07543990761041641,0.07068292051553726,0.9708466529846191,2847.0,2847.0,50.0,1.4796234369277954,33.72725296020508,6.718839645385742,0.4586009681224823,0.010539606213569641,0.009012567810714245,0.9980679750442505,2588.0,2588.0,50.0,0.2981104552745819,36.10325241088867,7.938701152801514,0.46865785121917725,0.26367998123168945,0.23411792516708374,0.8864630460739136,916.0,916.0,50.0,5.357755661010742,25.963237762451172,3.478315830230713,0.40437638759613037,1.0409740209579468,1.0628581047058105,0.5510204434394836,49.0,49.0,32.0,15.682112693786621,19.577957153320312,2.3263766765594482,0.4175065755844116,0.08353009819984436,0.08353007584810257,0.9665625691413879,8394.6376953125,0.419731884765625,1.665644645690918,33.46849060058594,6.714691162109375,0.45459216833114624
17,1249,0.07358712702989578,0.07387900352478027,0.9716643691062927,2788.0,2788.0,50.0,1.4961860179901123,33.8104362487793,6.736464500427246,0.46056732535362244,0.016628587618470192,0.013729279860854149,0.995801568031311,2620.0,2620.0,50.0,0.44429999589920044,35.842586517333984,7.734354496002197,0.46804359555244446,0.2127217799425125,0.13777154684066772,0.9207708239555359,934.0,934.0,50.0,4.407826900482178,26.873369216918945,3.6899402141571045,0.40135088562965393,1.0712543725967407,1.2157819271087646,0.48275861144065857,58.0,58.0,38.0,16.84273910522461,16.31459617614746,2.021955728530884,0.41808146238327026,0.07961603254079819,0.07961603999137878,0.9696875810623169,8394.5556640625,0.41972778320312504,1.6295658349990845,33.471412658691406,6.657648086547852,0.454600989818573
17,1271,0.07269402593374252,0.07162962853908539,0.9672268033027649,1190.0,1190.0,22.0,1.561192512512207,33.59477615356445,6.728213787078857,0.4588840901851654,0.01248661894351244,0.010756822302937508,0.998292088508606,1171.0,1171.0,22.0,0.35260722041130066,36.07048797607422,7.786433219909668,0.46847110986709595,0.20928651094436646,0.19419457018375397,0.9230769276618958,390.0,390.0,22.0,4.112991809844971,27.327810287475586,3.7256991863250732,0.40062475204467773,0.6529132723808289,0.6835343241691589,0.7894737124443054,19.0,19.0,13.0,11.53905200958252,21.904325485229492,2.1703684329986572,0.42673826217651367,0.07039448618888855,0.07045300304889679,0.9729241728782654,8394.5205078125,0.41972602539062503,1.4779894351959229,33.67882537841797,6.721569061279297,0.4545138478279114
18,49,0.06848401576280594,0.07986779510974884,0.9706922769546509,2832.0,2832.0,50.0,1.4888039827346802,33.64738082885742,6.759106159210205,0.45925310254096985,0.008867626078426838,0.006606088951230049,0.9980836510658264,2609.0,2609.0,50.0,0.2632998526096344,36.105281829833984,7.955475330352783,0.46785104274749756,0.2447967529296875,0.21047677099704742,0.9066234230995178,921.0,921.0,50.0,5.089714527130127,26.116962432861328,3.462608814239502,0.40483659505844116,0.8541737198829651,1.0941773653030396,0.5789473652839661,38.0,38.0,29.0,14.459794998168945,18.587486267089844,2.0879440307617188,0.4209754467010498,0.07421855628490448,0.07421856373548508,0.9703126549720764,8394.4404296875,0.41972202148437504,1.584428310394287,33.47626495361328,6.744691848754883,0.45469993352890015
18,99,0.059183552861213684,0.06101899594068527,0.9757159948348999,2759.0,2759.0,50.0,1.316920280456543,33.85930633544922,6.70471715927124,0.459488183259964,0.01087197382003069,0.013942074030637741,0.9973465204238892,2638.0,2638.0,50.0,0.31494414806365967,36.073787689208984,7.961590766906738,0.4686872959136963,0.1930614709854126,0.14663086831569672,0.9179105758666992,938.0,938.0,50.0,4.149919509887695,26.99323844909668,3.6728694438934326,0.40342557430267334,0.9238598942756653,1.0421169996261597,0.5538462400436401,65.0,65.0,35.0,15.46064567565918,16.914165496826172,2.05578875541687,0.4181480407714844,0.067673459649086,0.06767347455024719,0.9718750715255737,8394.3583984375,0.419717919921875,1.4627768993377686,33.59368133544922,6.731213569641113,0.4546433985233307
18,149,0.06859026849269867,0.0701109766960144,0.9735448360443115,2835.0,2835.0,50.0,1.5075486898422241,33.61674499511719,6.636716365814209,0.4591386020183563,0.010969909839332104,0.009550461545586586,0.9961773753166199,2616.0,2616.0,50.0,0.3026096224784851,36.062801361083984,7.915222644805908,0.46793651580810547,0.2187783420085907,0.22864849865436554,0.9172186255455017,906.0,906.0,50.0,4.519628047943115,26.73546600341797,3.680361032485962,0.4027678966522217,1.079769253730774,1.0980868339538574,0.5813952684402466,43.0,43.0,28.0,16.43768310546875,17.96839141845703,2.1416571140289307,0.4195731580257416,0.07309281080961227,0.07309280335903168,0.9721873998641968,8394.27734375,0.41971386718750003,1.5417392253875732,33.53730010986328,6.710595607757568,0.45448893308639526
18,199,0.06619146466255188,0.054132040590047836,0.9754385352134705,2850.0,2850.0,50.0,1.3816314935684204,33.80831527709961,6.7318830490112305,0.4585459232330322,0.010904655791819096,0.012127390131354332,0.9980718493461609,2593.0,2593.0,50.0,0.31293630599975586,36.037841796875,7.874109745025635,0.46809256076812744,0.19767846167087555,0.18355360627174377,0.9205816984176636,894.0,894.0,50.0,4.330124378204346,26.613374710083008,3.5884783267974854,0.4048444330692291,0.7537076473236084,0.8789896965026855,0.6349207758903503,63.0,63.0,31.0,13.69353199005127,18.51390266418457,2.05474591255188,0.4189588129520416,0.06892651319503784,0.06892649829387665,0.9735937714576721,8394.1962890625,0.419709814453125,1.481705904006958,33.55602264404297,6.709528923034668,0.45452266931533813
18,249,0.06346163898706436,0.0644993707537651,0.9759857058525085,2790.0,2790.0,50.0,1.3869140148162842,33.69730758666992,6.699626445770264,0.459170401096344,0.010411856696009636,0.013450158759951591,0.9977108240127563,2621.0,2621.0,50.0,0.293403685092926,36.12725067138672,7.971538066864014,0.46871739625930786,0.20527403056621552,0.2292865812778473,0.9222579002380371,939.0,939.0,50.0,4.3250627517700195,26.847476959228516,3.6738431453704834,0.4021907448768616,1.1649932861328125,0.9051487445831299,0.5400000214576721,50.0,50.0,34.0,16.42451286315918,19.742536544799805,2.30886173248291,0.4292903542518616,0.0711483508348465,0.0711483508348465,0.9735938310623169,8394.1171875,0.41970585937500005,1.4876500368118286,33.57842254638672,6.742271900177002,0.45448678731918335
18,299,0.0682666078209877,0.062351878732442856,0.9718310832977295,2840.0,2840.0,50.0,1.467782974243164,33.67152786254883,6.6974005699157715,0.45966440439224243,0.012147433124482632,0.014637114480137825,0.9973169565200806,2609.0,2609.0,50.0,0.3374679684638977,35.954200744628906,7.911338806152344,0.46722325682640076,0.21148507297039032,0.22052571177482605,0.905286431312561,908.0,908.0,50.0,4.742250442504883,26.237478256225586,3.5819244384765625,0.4038074314594269,1.036636471748352,1.0789682865142822,0.5116279721260071,43.0,43.0,29.0,15.957480430603027,20.307653427124023,2.1976633071899414,0.42419180274009705,0.07221460342407227,0.07221462577581406,0.9696875810623169,8394.03515625,0.4197017578125,1.5689208507537842,33.45758056640625,6.720028877258301,0.4545827805995941
18,349,0.07532823085784912,0.07898230105638504,0.9718409776687622,2841.0,2841.0,50.0,1.527620792388916,33.675655364990234,6.679341793060303,0.45930203795433044,0.011735246516764164,0.010685179382562637,0.9969336986541748,2609.0,2609.0,50.0,0.32703524827957153,35.966060638427734,7.861291885375977,0.46748143434524536,0.22675953805446625,0.21335452795028687,0.9092919826507568,904.0,904.0,50.0,4.754745960235596,26.51078224182129,3.60809063911438,0.40392279624938965,0.9053321480751038,0.725765585899353,0.6739130020141602,46.0,46.0,32.0,14.024956703186035,17.518896102905273,2.101597785949707,0.42288652062416077,0.07675950229167938,0.07675947993993759,0.9710937738418579,8393.953125,0.41969765625,1.583850622177124,33.4811897277832,6.694454193115234,0.4545523524284363
18,399,0.06697754561901093,0.06482318788766861,0.9777857661247253,2836.0,2836.0,50.0,1.407531976699829,33.64971923828125,6.694425106048584,0.4589700698852539,0.018738869577646255,0.012693206779658794,0.9935896396636963,2652.0,2652.0,50.0,0.4727374017238617,35.748779296875,7.8087477684021,0.46687987446784973,0.20121842622756958,0.19655396044254303,0.9212052822113037,863.0,863.0,50.0,4.440854549407959,26.793127059936523,3.563871383666992,0.404275506734848,1.0416666269302368,0.9356244206428528,0.5714285373687744,49.0,49.0,34.0,15.657902717590332,18.506784439086914,2.120537281036377,0.4281393587589264,0.07255268841981888,0.0725526511669159,0.9735938310623169,8393.873046875,0.41969365234375,1.538305401802063,33.47901153564453,6.699018478393555,0.45463645458221436
18,449,0.05907483398914337,0.06955719739198685,0.9745700359344482,2792.0,2792.0,50.0,1.3117414712905884,33.85356140136719,6.841647624969482,0.4595889449119568,0.012298531830310822,0.01577836647629738,0.998127281665802,2670.0,2670.0,50.0,0.3371935784816742,35.86087417602539,7.832892894744873,0.4661351144313812,0.21677905321121216,0.18130642175674438,0.921322762966156,877.0,877.0,50.0,4.585742473602295,26.75135612487793,3.6006174087524414,0.40574368834495544,0.8560959696769714,0.7294341921806335,0.5737704634666443,61.0,61.0,37.0,14.893750190734863,18.730119705200195,2.108859062194824,0.42479369044303894,0.06876737624406815,0.06876736134290695,0.97328120470047,8393.7939453125,0.419689697265625,1.4832663536071777,33.5736198425293,6.765951156616211,0.45460978150367737
18,499,0.061138816177845,0.05319557338953018,0.9749912619590759,2799.0,2799.0,50.0,1.346727967262268,33.803993225097656,6.818488597869873,0.460244745016098,0.011462394148111343,0.010340876877307892,0.996926486492157,2603.0,2603.0,50.0,0.3178746998310089,35.96933364868164,7.823185443878174,0.46697285771369934,0.2287815362215042,0.1918957382440567,0.9133687615394592,935.0,935.0,50.0,4.719756603240967,26.58649444580078,3.586885929107666,0.40503430366516113,1.1075823307037354,0.9428762793540955,0.4285714030265808,63.0,63.0,39.0,17.59499740600586,18.03110694885254,2.083760976791382,0.42402583360671997,0.0757269412279129,0.0757269635796547,0.969531238079071,8393.7119140625,0.419685595703125,1.5809965133666992,33.47498321533203,6.708393096923828,0.454558789730072
18,549,0.06952457875013351,0.059732332825660706,0.9714083671569824,2833.0,2833.0,50.0,1.497159719467163,33.6102409362793,6.637833118438721,0.45914554595947266,0.015185046941041946,0.01494771521538496,0.9947169423103333,2650.0,2650.0,50.0,0.4137537479400635,35.81430435180664,7.814815044403076,0.46709468960762024,0.19722986221313477,0.19346244633197784,0.9301514029502869,859.0,859.0,50.0,4.248455047607422,26.96637535095215,3.7076735496520996,0.40484464168548584,0.9453126788139343,1.1526018381118774,0.603448212146759,58.0,58.0,37.0,13.597785949707031,18.889060974121094,2.223048210144043,0.4147002100944519,0.072101891040802,0.072101891040802,0.9721874594688416,8393.6318359375,0.41968159179687503,1.5274993181228638,33.497718811035156,6.691885948181152,0.4547460079193115
18,599,0.05739935114979744,0.06064710021018982,0.9780218005180359,2821.0,2821.0,50.0,1.2376339435577393,33.989349365234375,6.8116655349731445,0.4602549076080322,0.010277774184942245,0.010603733360767365,0.9984995722770691,2666.0,2666.0,50.0,0.30577990412712097,35.869956970214844,7.8158345222473145,0.4662649929523468,0.18340229988098145,0.1748771071434021,0.9299654960632324,871.0,871.0,50.0,4.099940776824951,27.1843318939209,3.7350800037384033,0.4036693274974823,0.5964792966842651,0.711877703666687,0.7142857313156128,42.0,42.0,29.0,12.0993070602417,17.369741439819336,1.963850736618042,0.42056527733802795,0.05845620855689049,0.058456193655729294,0.9782811403274536,8393.5537109375,0.419677685546875,1.310280203819275,33.737552642822266,6.779446601867676,0.45479708909988403
18,649,0.06493264436721802,0.07107535004615784,0.9759771227836609,2789.0,2789.0,50.0,1.3351566791534424,33.91490936279297,6.812880039215088,0.45980942249298096,0.010443897917866707,0.008515319786965847,0.9977271556854248,2640.0,2640.0,50.0,0.2989531457424164,36.04753112792969,7.97213888168335,0.4671911299228668,0.20972158014774323,0.16646131873130798,0.91801518201828,927.0,927.0,50.0,4.3843817710876465,27.260900497436523,3.690300226211548,0.40466079115867615,0.8872467875480652,0.8950650095939636,0.5909090638160706,44.0,44.0,29.0,14.429787635803223,19.50003433227539,2.1153221130371094,0.43025296926498413,0.06908125430345535,0.06908121705055237,0.9739062786102295,8393.4716796875,0.41967358398437504,1.4394094944000244,33.731719970703125,6.806492328643799,0.4546632468700409
18,699,0.06505779922008514,0.06179510056972504,0.9717860221862793,2800.0,2800.0,50.0,1.3362551927566528,33.90195846557617,6.850313663482666,0.45894816517829895,0.014615814201533794,0.011298822239041328,0.9958648681640625,2660.0,2660.0,50.0,0.3974635601043701,35.82914733886719,7.921058654785156,0.46697574853897095,0.19316425919532776,0.2240799218416214,0.9324943423271179,874.0,874.0,50.0,4.223912239074707,26.794395446777344,3.667060136795044,0.4046347737312317,1.1728774309158325,1.5131421089172363,0.5909090638160706,66.0,66.0,35.0,14.942180633544922,21.131654739379883,2.4453041553497314,0.4286049008369446,0.07301177829504013,0.07301177084445953,0.972500205039978,8393.3916015625,0.419669580078125,1.480726718902588,33.60062789916992,6.815202713012695,0.45455455780029297
18,749,0.06482285261154175,0.06240743398666382,0.9716110825538635,2818.0,2818.0,50.0,1.4152822494506836,33.52300262451172,6.777844429016113,0.4580079913139343,0.011995464563369751,0.011544774286448956,0.9969969391822815,2664.0,2664.0,50.0,0.32914942502975464,35.93580627441406,7.901015281677246,0.4668976664543152,0.20850010216236115,0.16206017136573792,0.9186047315597534,860.0,860.0,50.0,4.46348237991333,27.16250991821289,3.6541426181793213,0.40745872259140015,1.080714225769043,1.0305137634277344,0.5,58.0,58.0,35.0,16.47517204284668,17.97146224975586,2.1029584407806396,0.4274158477783203,0.07134660333395004,0.07134659588336945,0.9707812666893005,8393.3095703125,0.419665478515625,1.5092616081237793,33.531707763671875,6.78325080871582,0.4546385109424591
18,799,0.0634559616446495,0.07371552288532257,0.971167266368866,2844.0,2844.0,50.0,1.3519648313522339,33.961795806884766,6.89435338973999,0.46116146445274353,0.012960653752088547,0.017812656238675117,0.9968932271003723,2575.0,2575.0,50.0,0.35701820254325867,35.86689758300781,7.8662028312683105,0.4664462208747864,0.22956211864948273,0.1964414119720459,0.9096845984458923,919.0,919.0,50.0,4.7216901779174805,26.599864959716797,3.668205738067627,0.405234158039093,1.0981886386871338,1.0419085025787354,0.5161290168762207,62.0,62.0,37.0,15.907635688781738,19.880908966064453,2.2103230953216553,0.41946956515312195,0.07701525092124939,0.07701526582241058,0.9682811498641968,8393.2275390625,0.419661376953125,1.5765337944030762,33.534767150878906,6.776740074157715,0.4548530578613281
18,849,0.06298929452896118,0.06888202577829361,0.9769067764282227,2858.0,2858.0,50.0,1.3714380264282227,33.851707458496094,6.81915807723999,0.460574209690094,0.01413227804005146,0.01371237076818943,0.9965264797210693,2591.0,2591.0,50.0,0.39910435676574707,35.71010208129883,7.8067498207092285,0.4661327004432678,0.20155787467956543,0.18599842488765717,0.930917501449585,883.0,883.0,50.0,4.142490863800049,27.426382064819336,3.7755274772644043,0.40656495094299316,1.1228177547454834,0.9588187336921692,0.5588234663009644,68.0,68.0,36.0,15.205759048461914,19.157068252563477,2.4144492149353027,0.41140997409820557,0.07358865439891815,0.07358864694833755,0.9740625023841858,8393.1455078125,0.41965727539062503,1.5071032047271729,33.561439514160156,6.752252578735352,0.45485055446624756
18,899,0.06089099124073982,0.06072072312235832,0.9745674133300781,2831.0,2831.0,50.0,1.3676867485046387,33.688499450683594,6.782376289367676,0.4593607783317566,0.01180495135486126,0.010192635469138622,0.9973645210266113,2656.0,2656.0,50.0,0.3395192325115204,35.78849792480469,7.814415454864502,0.4656350016593933,0.18924258649349213,0.1463041603565216,0.9243306517601013,859.0,859.0,50.0,4.175870418548584,27.393306732177734,3.7490386962890625,0.407247394323349,0.8606777191162109,0.7146931290626526,0.6481481194496155,54.0,54.0,32.0,12.949326515197754,22.67715072631836,2.3651351928710938,0.42476481199264526,0.06449568271636963,0.06449567526578903,0.9745312929153442,8393.0654296875,0.41965327148437503,1.41562819480896,33.62215805053711,6.766271114349365,0.4546780586242676
18,949,0.05862542986869812,0.0582544170320034,0.9771263003349304,2798.0,2798.0,50.0,1.2306952476501465,34.05725860595703,6.945077896118164,0.4602169990539551,0.012321735732257366,0.009073165245354176,0.9958175420761108,2630.0,2630.0,50.0,0.33039042353630066,35.905887603759766,7.95867395401001,0.46592026948928833,0.23317325115203857,0.28006044030189514,0.8921568989753723,918.0,918.0,50.0,4.761875152587891,27.168630599975586,3.7204418182373047,0.4070308804512024,1.1647380590438843,1.005402684211731,0.5,54.0,54.0,36.0,16.832075119018555,19.267948150634766,2.227881669998169,0.426135390996933,0.07396706193685532,0.07396703213453293,0.9685935974121094,8392.982421875,0.41964912109375,1.4988664388656616,33.70405578613281,6.859267234802246,0.45464423298835754
18,999,0.06884542107582092,0.0626545250415802,0.9722222685813904,2772.0,2772.0,50.0,1.4211986064910889,33.788108825683594,6.781962871551514,0.4598782956600189,0.01012370828539133,0.00862982776015997,0.9996235966682434,2657.0,2657.0,50.0,0.295622855424881,35.993656158447266,7.870389461517334,0.46756991744041443,0.20843593776226044,0.18863560259342194,0.912184476852417,911.0,911.0,50.0,4.406797885894775,27.2636661529541,3.818260431289673,0.40446239709854126,0.801929235458374,0.481377512216568,0.666666567325592,60.0,60.0,37.0,12.402250289916992,20.15125846862793,2.2963521480560303,0.4201030135154724,0.07120920717716217,0.07120922952890396,0.9721875190734863,8392.9013671875,0.41964506835937504,1.481837511062622,33.647193908691406,6.7699127197265625,0.4548105001449585
18,1049,0.07142255455255508,0.07673854380846024,0.9746657013893127,2842.0,2842.0,50.0,1.4279050827026367,33.80100631713867,6.811546325683594,0.4597349464893341,0.013929065316915512,0.011032216250896454,0.9962363839149475,2657.0,2657.0,50.0,0.3806740939617157,35.72977828979492,7.8117756843566895,0.46559247374534607,0.1810278594493866,0.18758980929851532,0.9240807890892029,843.0,843.0,50.0,3.98464035987854,27.96739959716797,3.839414596557617,0.4072369933128357,0.9931417107582092,0.9681693911552429,0.5689654350280762,58.0,58.0,35.0,15.638166427612305,18.531946182250977,2.1955831050872803,0.41569796204566956,0.07034392654895782,0.07034392654895782,0.9732812643051147,8392.8203125,0.419641015625,1.458691120147705,33.694976806640625,6.793479919433594,0.4548526704311371
18,1099,0.06831175088882446,0.0848526582121849,0.9755833148956299,2785.0,2785.0,50.0,1.4390716552734375,33.69597244262695,6.741472244262695,0.45958009362220764,0.014553225599229336,0.01725570671260357,0.9954733848571777,2651.0,2651.0,50.0,0.3686653673648834,35.99311447143555,7.966687202453613,0.4678276777267456,0.2384234368801117,0.19684374332427979,0.8982300758361816,904.0,904.0,50.0,4.862360000610352,26.472457885742188,3.6037344932556152,0.40494924783706665,0.7889240384101868,0.8141173124313354,0.6500001549720764,60.0,60.0,34.0,13.3203125,18.8328914642334,2.1103897094726562,0.42052698135375977,0.0768279880285263,0.07682797312736511,0.9698436856269836,8392.740234375,0.41963701171875,1.5906155109405518,33.487831115722656,6.762357711791992,0.4549136757850647
18,1149,0.06686956435441971,0.06886685639619827,0.9733771085739136,2742.0,2742.0,50.0,1.4379388093948364,33.67536163330078,6.847408771514893,0.4594614505767822,0.013340962119400501,0.011801336891949177,0.9970424771308899,2705.0,2705.0,50.0,0.35385358333587646,35.918277740478516,7.942239284515381,0.4675285220146179,0.20933902263641357,0.1943061202764511,0.9089900851249695,901.0,901.0,50.0,4.460387706756592,27.108062744140625,3.6519014835357666,0.4051208794116974,0.8897680640220642,0.7543572187423706,0.6730769872665405,52.0,52.0,34.0,13.87036418914795,17.3601131439209,2.0843679904937744,0.4144262671470642,0.07098844647407532,0.07098844647407532,0.9718749523162842,8392.65625,0.4196328125,1.5062611103057861,33.56623077392578,6.821578502655029,0.4548549950122833
18,1199,0.058253929018974304,0.06232989579439163,0.9752824902534485,2832.0,2832.0,50.0,1.3009161949157715,33.941287994384766,6.944511890411377,0.46069633960723877,0.011189314536750317,0.010367766954004765,0.9972496628761292,2545.0,2545.0,50.0,0.30185672640800476,36.05138397216797,7.97676944732666,0.4671515226364136,0.22925235331058502,0.2227793186903,0.9089027047157288,966.0,966.0,50.0,4.798941612243652,26.441673278808594,3.594247341156006,0.4075648784637451,0.9673036932945251,0.9137676954269409,0.596491277217865,57.0,57.0,36.0,14.907241821289062,19.540964126586914,2.227156639099121,0.42062652111053467,0.07344469428062439,0.07344468683004379,0.9706250429153442,8392.5771484375,0.419628857421875,1.5527985095977783,33.52015686035156,6.8073015213012695,0.45488691329956055
18,1249,0.07550942897796631,0.07871547341346741,0.9671028852462769,2827.0,2827.0,50.0,1.534764289855957,33.692283630371094,6.743440628051758,0.45966991782188416,0.014379963278770447,0.01481365691870451,0.9957692623138428,2600.0,2600.0,50.0,0.3802277147769928,35.92314147949219,7.894008159637451,0.4675382673740387,0.20773042738437653,0.20717939734458923,0.921824038028717,921.0,921.0,50.0,4.273879051208496,27.647869110107422,3.821871757507324,0.406195729970932,0.8024739623069763,0.8873289823532104,0.6346154808998108,52.0,52.0,34.0,13.826653480529785,19.74928855895996,2.162025213241577,0.41764187812805176,0.07560959458351135,0.07560959458351135,0.969531238079071,8392.4951171875,0.41962475585937503,1.5597810745239258,33.615455627441406,6.75320291519165,0.45482969284057617
18,1271,0.06825647503137589,0.07032069563865662,0.9730799794197083,1263.0,1263.0,22.0,1.4562973976135254,33.73118209838867,6.729252815246582,0.4611069858074188,0.010142414830625057,0.00955143291503191,0.9981932640075684,1107.0,1107.0,22.0,0.3056882917881012,35.89284896850586,7.959885120391846,0.46647071838378906,0.19330497086048126,0.17045404016971588,0.9182058572769165,379.0,379.0,22.0,4.374894618988037,26.269412994384766,3.595869302749634,0.4029679000377655,0.6896312832832336,0.6816743016242981,0.714285671710968,21.0,21.0,13.0,12.848138809204102,16.005260467529297,1.9785199165344238,0.4101766049861908,0.0664064884185791,0.0668521374464035,0.9736462235450745,8392.458984375,0.41962294921875004,1.4821648597717285,33.43974304199219,6.756325721740723,0.45490965247154236
19,49,0.05070147663354874,0.04312257841229439,0.9804420471191406,2761.0,2761.0,50.0,1.2379627227783203,33.78699493408203,6.839663982391357,0.4598112106323242,0.009279310703277588,0.008583719842135906,0.9981237649917603,2665.0,2665.0,50.0,0.27470698952674866,36.00636291503906,7.949971675872803,0.46703413128852844,0.1932302862405777,0.20134666562080383,0.9237567186355591,905.0,905.0,50.0,4.228626251220703,27.156795501708984,3.7229955196380615,0.4061139225959778,1.022435188293457,1.0850517749786377,0.5362317562103271,69.0,69.0,40.0,15.640401840209961,18.12954330444336,2.1866750717163086,0.4252588152885437,0.064083993434906,0.0640840008854866,0.9750000238418579,8392.3779296875,0.419618896484375,1.4150317907333374,33.60479736328125,6.811121940612793,0.45485323667526245
19,99,0.0585905946791172,0.060616277158260345,0.9750624299049377,2807.0,2807.0,50.0,1.3281971216201782,33.75312423706055,6.8413801193237305,0.46002867817878723,0.015344682149589062,0.0181198138743639,0.9950962662696838,2651.0,2651.0,50.0,0.37949490547180176,35.8409309387207,7.880189418792725,0.4660724103450775,0.1581706404685974,0.15458354353904724,0.9395667314529419,877.0,877.0,50.0,3.5861353874206543,28.09789276123047,3.9018092155456543,0.4063571095466614,0.8218030333518982,0.5883402228355408,0.6307692527770996,65.0,65.0,37.0,13.775415420532227,18.17204475402832,2.0747082233428955,0.4195335805416107,0.06207427382469177,0.06207428127527237,0.9750001430511475,8392.298828125,0.41961494140625,1.3710520267486572,33.68474578857422,6.8204498291015625,0.4547661542892456
19,149,0.06878109276294708,0.07818794250488281,0.9752907752990723,2752.0,2752.0,50.0,1.389361023902893,33.89897537231445,6.917466163635254,0.4603276252746582,0.010022876784205437,0.007313637528568506,0.9985034465789795,2673.0,2673.0,50.0,0.2932545840740204,35.84359359741211,7.9447550773620605,0.4654363691806793,0.1843792051076889,0.1314963400363922,0.9355191588401794,915.0,915.0,50.0,4.123480319976807,27.42166519165039,3.7795660495758057,0.4093223810195923,0.8099919557571411,0.964880645275116,0.6166667938232422,60.0,60.0,34.0,13.762113571166992,18.012557983398438,2.0137946605682373,0.4185936748981476,0.06771612912416458,0.06771612912416458,0.9759374856948853,8392.2197265625,0.41961098632812505,1.4384534358978271,33.63616943359375,6.851925849914551,0.45477789640426636
19,199,0.06508637219667435,0.05905119702219963,0.9720374941825867,2861.0,2861.0,50.0,1.4026880264282227,33.67461395263672,6.852332592010498,0.4591718316078186,0.011336348950862885,0.012752019800245762,0.9969124794006348,2591.0,2591.0,50.0,0.32181137800216675,35.917449951171875,7.9474358558654785,0.46698257327079773,0.20845375955104828,0.16484609246253967,0.9150838255882263,895.0,895.0,50.0,4.61280632019043,26.617517471313477,3.679847478866577,0.4081054627895355,1.216314673423767,1.0054265260696411,0.5094338059425354,53.0,53.0,34.0,15.842704772949219,20.362905502319336,2.414064407348633,0.418575644493103,0.07290865480899811,0.07290865480899811,0.9703124165534973,8392.138671875,0.41960693359375,1.5335981845855713,33.48548126220703,6.815271377563477,0.4548564553260803
19,249,0.06290923058986664,0.05514788627624512,0.9749565720558167,2875.0,2875.0,50.0,1.3521722555160522,33.78336715698242,6.866030216217041,0.45912671089172363,0.009084833785891533,0.00841252226382494,0.9976598620414734,2564.0,2564.0,50.0,0.2705310583114624,35.96925735473633,8.081031799316406,0.46725159883499146,0.2124733328819275,0.25577226281166077,0.9269101619720459,903.0,903.0,50.0,4.432430744171143,27.057987213134766,3.6305124759674072,0.40874332189559937,0.7587604522705078,0.7767075300216675,0.6379309892654419,58.0,58.0,38.0,13.125127792358398,17.40636444091797,2.0524368286132812,0.4172220528125763,0.06875453144311905,0.06875453889369965,0.9742187261581421,8392.0576171875,0.419602880859375,1.4601373672485352,33.561763763427734,6.852655410766602,0.45489317178726196
19,299,0.0628335252404213,0.0632050558924675,0.9760986566543579,2845.0,2845.0,50.0,1.3108845949172974,34.04850387573242,6.99003791809082,0.4608422517776489,0.012444240041077137,0.009624364785850048,0.9977195262908936,2631.0,2631.0,50.0,0.35441866517066956,35.69411849975586,7.8567681312561035,0.4647694230079651,0.19332318007946014,0.22437742352485657,0.9290618896484375,874.0,874.0,50.0,3.9625608921051025,27.606943130493164,3.784337282180786,0.4069099426269531,0.7626482248306274,0.5127724409103394,0.619999885559082,50.0,50.0,36.0,14.321000099182129,18.982952117919922,2.0207154750823975,0.4271973669528961,0.06540608406066895,0.06540609896183014,0.9757813215255737,8391.9765625,0.41959882812500005,1.3814483880996704,33.727630615234375,6.869743824005127,0.45482873916625977
19,349,0.05632495880126953,0.05723391845822334,0.9813446998596191,2841.0,2841.0,50.0,1.2297017574310303,33.836509704589844,6.915563583374023,0.4588296115398407,0.011719430796802044,0.010465373285114765,0.9973117113113403,2604.0,2604.0,50.0,0.3275246322154999,35.912357330322266,8.089714050292969,0.4673934578895569,0.18997643887996674,0.1775481253862381,0.9246954321861267,903.0,903.0,50.0,4.176392078399658,27.422740936279297,3.807713747024536,0.407966673374176,0.8376802802085876,0.6051692366600037,0.615384578704834,52.0,52.0,30.0,14.471386909484863,19.908245086669922,2.0651028156280518,0.42703843116760254,0.06338197737932205,0.06338198482990265,0.9768750071525574,8391.8974609375,0.41959487304687504,1.3859766721725464,33.66300964355469,6.915388107299805,0.4548792839050293
19,399,0.06447332352399826,0.06196557357907295,0.9759077429771423,2864.0,2864.0,50.0,1.3891371488571167,33.66655731201172,6.848762035369873,0.45935195684432983,0.012434164993464947,0.010849541053175926,0.9973443746566772,2636.0,2636.0,50.0,0.3539815843105316,35.731109619140625,7.931946277618408,0.46570342779159546,0.19218705594539642,0.19204050302505493,0.9311551451683044,857.0,857.0,50.0,4.193260192871094,27.292821884155273,3.7288777828216553,0.4087040424346924,0.8518667817115784,0.6747539043426514,0.6279069781303406,43.0,43.0,26.0,14.47619915008545,18.02821922302246,2.13948392868042,0.42443063855171204,0.06543165445327759,0.06543166190385818,0.9764062166213989,8391.81640625,0.4195908203125,1.4262006282806396,33.55834197998047,6.845486164093018,0.45495128631591797
19,449,0.052370209246873856,0.0513884499669075,0.9795918464660645,2793.0,2793.0,50.0,1.1901336908340454,33.962955474853516,6.958448886871338,0.4605025053024292,0.013249793089926243,0.011876261793076992,0.9962121248245239,2640.0,2640.0,50.0,0.33357536792755127,35.840789794921875,8.10672664642334,0.465533047914505,0.22810642421245575,0.19317805767059326,0.9051819443702698,907.0,907.0,50.0,4.620288848876953,27.32759666442871,3.764671564102173,0.4085825979709625,0.8284615278244019,0.5633240342140198,0.6333333253860474,60.0,60.0,39.0,13.41041374206543,20.90839195251465,2.194946765899658,0.42930975556373596,0.06841401755809784,0.06841401010751724,0.97265625,8391.734375,0.41958671875000003,1.4374858140945435,33.67481994628906,6.934837341308594,0.45492714643478394
19,499,0.061331771314144135,0.05383399501442909,0.9759377837181091,2826.0,2826.0,50.0,1.3511911630630493,33.75007629394531,6.830530643463135,0.4593575894832611,0.013585260137915611,0.012060572393238544,0.9965740442276001,2627.0,2627.0,50.0,0.3853129744529724,35.7291374206543,7.982251167297363,0.466064453125,0.1884240359067917,0.16004689037799835,0.9385472536087036,895.0,895.0,50.0,4.214874267578125,27.06998062133789,3.7382829189300537,0.40836313366889954,1.3458046913146973,0.8192424178123474,0.42307695746421814,52.0,52.0,31.0,18.03262710571289,21.48345184326172,2.3789098262786865,0.4296882152557373,0.06994270533323288,0.06994272023439407,0.9746874570846558,8391.6552734375,0.419582763671875,1.49073326587677,33.52858352661133,6.834674835205078,0.45473822951316833
19,549,0.06893414258956909,0.06516436487436295,0.9722322225570679,2845.0,2845.0,50.0,1.4095948934555054,33.90081024169922,6.951071739196777,0.4599597454071045,0.011230120435357094,0.011330556124448776,0.9973332285881042,2625.0,2625.0,50.0,0.31555843353271484,35.79384231567383,8.042524337768555,0.4650896489620209,0.205387681722641,0.2138361632823944,0.916951060295105,879.0,879.0,50.0,4.401105880737305,27.481706619262695,3.766439437866211,0.4094034731388092,0.8818557858467102,0.976320743560791,0.6470588445663452,51.0,51.0,30.0,14.475931167602539,17.614349365234375,2.063319206237793,0.4262215197086334,0.07048548012971878,0.07048548758029938,0.9723438024520874,8391.57421875,0.41957871093750004,1.4758567810058594,33.66584396362305,6.922399044036865,0.454851359128952
19,599,0.059037983417510986,0.0557083785533905,0.977801501750946,2793.0,2793.0,50.0,1.2946659326553345,33.85722351074219,6.988565444946289,0.4597780406475067,0.011152434162795544,0.011386457830667496,0.9977281093597412,2641.0,2641.0,50.0,0.3269287347793579,35.76081848144531,8.038819313049316,0.4655207693576813,0.2048608809709549,0.20986637473106384,0.9203056693077087,916.0,916.0,50.0,4.650229454040527,26.602882385253906,3.6651628017425537,0.40934330224990845,0.7720794081687927,0.7987848520278931,0.6000000834465027,50.0,50.0,30.0,13.167967796325684,19.158872604370117,2.3711843490600586,0.42655810713768005,0.06571923941373825,0.06571924686431885,0.9748436212539673,8391.4931640625,0.419574658203125,1.4683482646942139,33.489646911621094,6.910223960876465,0.4546697735786438
19,649,0.061419516801834106,0.055463701486587524,0.9739312529563904,2877.0,2877.0,50.0,1.331711769104004,33.916473388671875,6.899735450744629,0.46038883924484253,0.011678969487547874,0.009590995498001575,0.9965596795082092,2616.0,2616.0,50.0,0.3353837728500366,35.762969970703125,7.976728439331055,0.46514278650283813,0.1747114062309265,0.14984430372714996,0.9399294257164001,849.0,849.0,50.0,3.9019758701324463,27.70659828186035,3.882683038711548,0.40675127506256104,0.7837611436843872,0.8290955424308777,0.6206896305084229,58.0,58.0,33.0,14.051572799682617,16.680326461791992,2.0227198600769043,0.41928616166114807,0.06266316026449203,0.06266316771507263,0.9754688739776611,8391.4140625,0.419570703125,1.3806979656219482,33.691246032714844,6.895527362823486,0.4548441767692566
19,699,0.06408552825450897,0.06496697664260864,0.9744406938552856,2817.0,2817.0,50.0,1.3232834339141846,33.990455627441406,6.996074676513672,0.459951788187027,0.0104424012824893,0.012318197637796402,0.997365415096283,2657.0,2657.0,50.0,0.28791141510009766,35.81101989746094,8.037323951721191,0.4648106098175049,0.19925539195537567,0.23108090460300446,0.9280821084976196,876.0,876.0,50.0,4.291069030761719,27.12491798400879,3.665194511413574,0.4097870886325836,1.109815239906311,1.0222342014312744,0.5799999237060547,50.0,50.0,31.0,16.046754837036133,21.294015884399414,2.2958476543426514,0.4284513592720032,0.06848637759685516,0.06848639249801636,0.9745311141014099,8391.33203125,0.41956660156250003,1.4146850109100342,33.70736312866211,6.935720920562744,0.4548565745353699
19,749,0.05448271334171295,0.06518622487783432,0.9784172773361206,2780.0,2780.0,50.0,1.210720419883728,33.9569091796875,6.996766090393066,0.4600376486778259,0.01010767463594675,0.010836035013198853,0.997702956199646,2612.0,2612.0,50.0,0.29707399010658264,35.95534896850586,8.123503684997559,0.4666265547275543,0.20533758401870728,0.17930611968040466,0.9121338129043579,956.0,956.0,50.0,4.506829261779785,26.92771339416504,3.7697744369506836,0.4080154001712799,0.8498485088348389,1.1919670104980469,0.6153846383094788,52.0,52.0,35.0,13.018303871154785,21.295015335083008,2.4019296169281006,0.4262353777885437,0.06536844372749329,0.06536844372749329,0.973437488079071,8391.251953125,0.41956259765625004,1.4261313676834106,33.619659423828125,6.937251091003418,0.45468127727508545
19,799,0.06996079534292221,0.06611727178096771,0.9703937768936157,2871.0,2871.0,50.0,1.3955368995666504,33.893455505371094,6.91280460357666,0.4602767527103424,0.011238208040595055,0.011365401558578014,0.9980245232582092,2531.0,2531.0,50.0,0.3184361457824707,35.88422393798828,8.079544067382812,0.46647101640701294,0.2001519799232483,0.181533083319664,0.9219250679016113,935.0,935.0,50.0,4.24791145324707,27.458354949951172,3.852581024169922,0.40819430351257324,1.1023372411727905,0.9745160937309265,0.5555554628372192,63.0,63.0,36.0,15.217902183532715,17.979135513305664,2.258427381515503,0.42242205142974854,0.07592039555311203,0.07592042535543442,0.9701563119888306,8391.169921875,0.41955849609375,1.5223551988601685,33.583953857421875,6.881317138671875,0.454744815826416
19,849,0.07758472859859467,0.06602779030799866,0.9667750597000122,2769.0,2769.0,50.0,1.548460841178894,33.598663330078125,6.7976531982421875,0.4588031768798828,0.011304577812552452,0.009955662302672863,0.997770369052887,2691.0,2691.0,50.0,0.32691502571105957,35.94267654418945,7.969175815582275,0.46734538674354553,0.21194340288639069,0.2027795910835266,0.9161948561668396,883.0,883.0,50.0,4.3811445236206055,27.30906867980957,3.866360664367676,0.40667587518692017,0.6928194761276245,0.707438051700592,0.7017543315887451,57.0,57.0,37.0,11.465019226074219,19.19646644592285,2.310866117477417,0.4178368151187897,0.07373272627592087,0.07373272627592087,0.9704687595367432,8391.0869140625,0.419554345703125,1.5139801502227783,33.58821105957031,6.845854759216309,0.4548380970954895
19,899,0.06468802690505981,0.05919458344578743,0.9736565351486206,2847.0,2847.0,50.0,1.3861216306686401,33.833274841308594,6.9665703773498535,0.460515558719635,0.011226230300962925,0.012418784201145172,0.9972624778747559,2557.0,2557.0,50.0,0.31882357597351074,35.88433837890625,8.138728141784668,0.4668125808238983,0.1955433338880539,0.18080171942710876,0.9226638674736023,931.0,931.0,50.0,4.293801784515381,27.139423370361328,3.7666659355163574,0.40677207708358765,1.2176543474197388,0.9530606269836426,0.5076923370361328,65.0,65.0,38.0,16.733875274658203,19.812376022338867,2.330373525619507,0.4208083152770996,0.07407353818416595,0.07407353818416595,0.9709375500679016,8391.0068359375,0.419550341796875,1.5385549068450928,33.536590576171875,6.922311305999756,0.45481014251708984
19,949,0.06717400997877121,0.06047625467181206,0.9747254848480225,2730.0,2730.0,50.0,1.407285451889038,33.81037139892578,6.9022135734558105,0.4604616165161133,0.010377666912972927,0.010434235446155071,0.9970172047615051,2682.0,2682.0,50.0,0.300658255815506,35.84449768066406,8.031951904296875,0.4664907157421112,0.20686161518096924,0.18173284828662872,0.9228295683860779,933.0,933.0,50.0,4.166054725646973,27.40076446533203,3.7971792221069336,0.4060439467430115,0.8283988833427429,0.781579852104187,0.6181817650794983,55.0,55.0,31.0,13.105196952819824,19.883092880249023,2.2476024627685547,0.4236007630825043,0.07027841359376907,0.07027839869260788,0.9734376072883606,8390.9248046875,0.41954624023437503,1.4462451934814453,33.60871124267578,6.882987976074219,0.4547383189201355
19,999,0.06251946091651917,0.05933770537376404,0.9730591177940369,2821.0,2821.0,50.0,1.4335726499557495,33.674495697021484,6.8347296714782715,0.46022671461105347,0.012379635125398636,0.011171669699251652,0.9965882301330566,2638.0,2638.0,50.0,0.321552574634552,35.7545280456543,7.974244594573975,0.46502572298049927,0.22191406786441803,0.2026229053735733,0.9133333563804626,900.0,900.0,50.0,4.426416873931885,27.442638397216797,3.8392715454101562,0.40836912393569946,0.6898532509803772,0.5480293035507202,0.6829267740249634,41.0,41.0,31.0,12.217233657836914,19.829620361328125,2.222498655319214,0.422013521194458,0.06828618049621582,0.06828617304563522,0.9724999666213989,8390.845703125,0.41954228515625,1.4651634693145752,33.566810607910156,6.853640079498291,0.45466750860214233
19,1049,0.05868940055370331,0.055298663675785065,0.976835310459137,2806.0,2806.0,50.0,1.2830066680908203,33.8485221862793,6.970452785491943,0.45994022488594055,0.008878319524228573,0.008740399032831192,0.9984767436981201,2626.0,2626.0,50.0,0.2664811313152313,35.821598052978516,8.060818672180176,0.46511170268058777,0.18303973972797394,0.18029120564460754,0.9308452606201172,911.0,911.0,50.0,4.169605255126953,27.254854202270508,3.768256664276123,0.4111414849758148,0.8469327688217163,0.7749056816101074,0.6315788626670837,57.0,57.0,30.0,14.3448486328125,18.103729248046875,2.069998025894165,0.4220488667488098,0.06297208368778229,0.06297207623720169,0.9760937690734863,8390.765625,0.41953828125000003,1.3931348323822021,33.57930374145508,6.918385982513428,0.4547784924507141
19,1099,0.05792640522122383,0.05452216416597366,0.9779103398323059,2852.0,2852.0,50.0,1.3267606496810913,33.703773498535156,6.941495418548584,0.45951104164123535,0.012453924864530563,0.011978544294834137,0.9969218969345093,2599.0,2599.0,50.0,0.3348541259765625,35.82100296020508,8.074495315551758,0.4657140076160431,0.20131732523441315,0.21274133026599884,0.9290540814399719,888.0,888.0,50.0,4.158266544342041,27.762208938598633,3.8418476581573486,0.40983206033706665,0.7060399055480957,0.7369597554206848,0.6721311807632446,61.0,61.0,36.0,12.843624114990234,19.27572250366211,2.1699771881103516,0.4245681166648865,0.06553316116333008,0.06553313881158829,0.97593754529953,8390.6865234375,0.419534326171875,1.4265950918197632,33.60165786743164,6.926044940948486,0.454804003238678
19,1149,0.06876923888921738,0.0804172232747078,0.9741041660308838,2819.0,2819.0,50.0,1.419175624847412,33.60348129272461,6.860509872436523,0.4589182734489441,0.011131282895803452,0.013348644599318504,0.9973593950271606,2651.0,2651.0,50.0,0.3154677450656891,35.949432373046875,8.10159969329834,0.46694251894950867,0.1707373857498169,0.1453312337398529,0.941243052482605,885.0,885.0,50.0,3.9947941303253174,27.040882110595703,3.8545479774475098,0.4062034785747528,0.9494414329528809,0.84377521276474,0.6444444060325623,45.0,45.0,28.0,14.656952857971191,20.657039642333984,2.2244107723236084,0.4320933222770691,0.065187007188797,0.06518702208995819,0.9768750071525574,8390.60546875,0.41953027343750005,1.4112370014190674,33.57670593261719,6.926326751708984,0.4547639787197113
19,1199,0.05494721978902817,0.05623079091310501,0.9802300930023193,2782.0,2782.0,50.0,1.2053806781768799,34.02574920654297,6.982574462890625,0.46037039160728455,0.012621262110769749,0.010569778271019459,0.9962307214736938,2653.0,2653.0,50.0,0.3154717683792114,35.840858459472656,8.11428451538086,0.4654836654663086,0.23788611590862274,0.2528010904788971,0.9057019352912903,912.0,912.0,50.0,4.867886066436768,26.527944564819336,3.6228060722351074,0.40913182497024536,0.9285314679145813,1.1721795797348022,0.6037735939025879,53.0,53.0,33.0,13.651711463928223,20.77707290649414,2.326188325881958,0.41813111305236816,0.07070495188236237,0.07070495188236237,0.9731251001358032,8390.5224609375,0.41952612304687503,1.4614638090133667,33.600013732910156,6.934375762939453,0.45483869314193726
19,1249,0.062368959188461304,0.05716414749622345,0.9741867780685425,2828.0,2828.0,50.0,1.3388477563858032,33.80204772949219,6.947163105010986,0.45972940325737,0.011550928466022015,0.012446045875549316,0.9977375268936157,2652.0,2652.0,50.0,0.31940528750419617,35.75138854980469,8.010409355163574,0.465373694896698,0.16209132969379425,0.1473349928855896,0.9435484409332275,868.0,868.0,50.0,3.579988956451416,28.19272804260254,3.9568498134613037,0.4083498418331146,1.01357901096344,0.9307079315185547,0.653846025466919,52.0,52.0,32.0,14.815347671508789,20.202651977539062,2.2918360233306885,0.43345436453819275,0.0625646635890007,0.0625646635890007,0.9771875739097595,8390.44140625,0.4195220703125,1.3298676013946533,33.738548278808594,6.944360256195068,0.45488643646240234
19,1271,0.053008146584033966,0.05289427563548088,0.9820053577423096,1167.0,1167.0,22.0,1.1352498531341553,34.07261657714844,7.087421894073486,0.4595918655395508,0.008785679936408997,0.009159374050796032,0.9974160194396973,1161.0,1161.0,22.0,0.24403052031993866,36.020904541015625,8.215475082397461,0.467479944229126,0.2291860580444336,0.22742034494876862,0.8969554901123047,427.0,427.0,22.0,4.909694671630859,26.576330184936523,3.660517930984497,0.4090532958507538,0.6495987176895142,0.7981685400009155,0.6666666865348816,15.0,15.0,11.0,11.019579887390137,19.29581069946289,2.2640652656555176,0.4005577862262726,0.06479138880968094,0.06486176699399948,0.9736462831497192,8390.408203125,0.41952041015625,1.3970718383789062,33.65362548828125,7.005845069885254,0.4547877311706543
20,49,0.06667064130306244,0.054967641830444336,0.9745492339134216,2829.0,2829.0,50.0,1.365492343902588,33.849403381347656,6.914515972137451,0.4598883390426636,0.010981321334838867,0.007190188392996788,0.9973118901252747,2604.0,2604.0,50.0,0.3045981824398041,35.83010482788086,8.13182258605957,0.46635204553604126,0.17626966536045074,0.17935267090797424,0.9379844665527344,903.0,903.0,50.0,4.04063081741333,27.172096252441406,3.804417848587036,0.40800541639328003,0.7432735562324524,0.7247459888458252,0.640625,64.0,64.0,35.0,13.009819984436035,17.56285858154297,2.1265015602111816,0.41686639189720154,0.06624183803796768,0.06624181568622589,0.9753124713897705,8390.3271484375,0.41951635742187504,1.427729606628418,33.55031204223633,6.923112392425537,0.45476770401000977
20,99,0.06061124801635742,0.04892462491989136,0.9759888052940369,2832.0,2832.0,50.0,1.2870736122131348,33.94892883300781,6.9235944747924805,0.46039244532585144,0.010634876787662506,0.011103491298854351,0.9988738298416138,2664.0,2664.0,50.0,0.3211723864078522,35.683319091796875,8.013701438903809,0.4648476243019104,0.16246964037418365,0.17477725446224213,0.9428903460502625,858.0,858.0,50.0,3.759826183319092,27.61689567565918,3.801943778991699,0.4064452052116394,0.9007615447044373,0.6798511147499084,0.6521739363670349,46.0,46.0,26.0,13.459432601928711,22.270687103271484,2.378864049911499,0.4249492287635803,0.05950254946947098,0.05950254946947098,0.9787499904632568,8390.2470703125,0.41951235351562505,1.3040094375610352,33.738040924072266,6.92618989944458,0.4547598361968994
20,149,0.05023137480020523,0.04779205098748207,0.9816215634346008,2775.0,2775.0,50.0,1.1511157751083374,34.02260971069336,7.056334495544434,0.4606093764305115,0.008552031591534615,0.00833140779286623,0.9984796643257141,2631.0,2631.0,50.0,0.2560010254383087,35.861778259277344,8.156769752502441,0.46555161476135254,0.20693439245224,0.25393030047416687,0.9178379774093628,925.0,925.0,50.0,4.341067790985107,27.246950149536133,3.7674272060394287,0.4088176488876343,0.919726550579071,0.9711670279502869,0.5942028760910034,69.0,69.0,38.0,13.884475708007812,20.04054069519043,2.247628927230835,0.4232073128223419,0.06511998921632767,0.06511998176574707,0.9751561880111694,8390.1650390625,0.419508251953125,1.3814690113067627,33.648643493652344,6.981522560119629,0.4547523260116577
20,199,0.0652465894818306,0.06259997189044952,0.9746560454368591,2762.0,2762.0,50.0,1.3797979354858398,33.648536682128906,6.9157586097717285,0.4582759737968445,0.009794655255973339,0.0074427248910069466,0.9988798499107361,2678.0,2678.0,50.0,0.2895549535751343,35.94035339355469,8.116935729980469,0.466928094625473,0.19862118363380432,0.16869406402111053,0.9224890470504761,916.0,916.0,50.0,4.12559700012207,27.777738571166992,3.835731029510498,0.40977635979652405,0.6664363741874695,0.6863920092582703,0.7272726893424988,44.0,44.0,27.0,11.108966827392578,20.655668258666992,2.350968360900879,0.42241406440734863,0.06526581943035126,0.06526584178209305,0.9756250381469727,8390.0859375,0.419504296875,1.3834798336029053,33.67793273925781,6.946164608001709,0.4547083079814911
20,249,0.05846685543656349,0.05741196870803833,0.9765241742134094,2854.0,2854.0,50.0,1.2621533870697021,33.90757369995117,6.984990119934082,0.46014559268951416,0.011373419314622879,0.010930666700005531,0.997301459312439,2594.0,2594.0,50.0,0.31508883833885193,35.803340911865234,8.078786849975586,0.46540597081184387,0.16680777072906494,0.16942505538463593,0.9331105351448059,897.0,897.0,50.0,3.794572591781616,27.62155532836914,3.865022897720337,0.40773823857307434,0.6022883653640747,0.6102525591850281,0.7272727489471436,55.0,55.0,35.0,11.901911735534668,19.03205680847168,2.0666327476501465,0.42523977160453796,0.05923742428421974,0.05923742055892944,0.9767187833786011,8390.0068359375,0.419500341796875,1.3246660232543945,33.667091369628906,6.948769569396973,0.4546325206756592
20,299,0.058306265622377396,0.05372200533747673,0.9755752086639404,2825.0,2825.0,50.0,1.2994791269302368,33.87284851074219,7.020423412322998,0.4599040448665619,0.01085683424025774,0.007728820201009512,0.9973263144493103,2618.0,2618.0,50.0,0.294066458940506,35.76799774169922,8.1625394821167,0.4650672972202301,0.17377932369709015,0.15240147709846497,0.9334812760353088,902.0,902.0,50.0,3.859435558319092,27.796594619750977,3.86885929107666,0.4100567400455475,0.7643961310386658,0.6481603980064392,0.636363685131073,55.0,55.0,33.0,13.232484817504883,17.179079055786133,2.1183557510375977,0.4214186370372772,0.06123891472816467,0.06123892962932587,0.9756250977516174,8389.9248046875,0.41949624023437504,1.3515456914901733,33.648250579833984,7.001319885253906,0.4546600580215454
20,349,0.05942244827747345,0.06280110776424408,0.9782683253288269,2899.0,2899.0,50.0,1.3065464496612549,33.74418640136719,6.958785057067871,0.4590564966201782,0.009912787936627865,0.012319563888013363,0.9972972273826599,2590.0,2590.0,50.0,0.2784554064273834,35.83483123779297,8.145125389099121,0.4654843509197235,0.18727971613407135,0.17272427678108215,0.9273154735565186,853.0,853.0,50.0,4.120769500732422,27.18488311767578,3.7992188930511475,0.40936732292175293,0.7399073243141174,0.7410206198692322,0.6206897497177124,58.0,58.0,34.0,13.37419319152832,17.36320686340332,2.0492236614227295,0.4188593327999115,0.06259436905384064,0.06259437650442123,0.9759374856948853,8389.845703125,0.41949228515625003,1.3749370574951172,33.56755828857422,6.973278045654297,0.45467081665992737
20,399,0.05391382426023483,0.053693871945142746,0.9819850921630859,2831.0,2831.0,50.0,1.203052043914795,33.99272537231445,7.0705180168151855,0.4608301818370819,0.009971927851438522,0.009898064658045769,0.9973054528236389,2598.0,2598.0,50.0,0.28868624567985535,35.73860549926758,8.180120468139648,0.46470898389816284,0.2082415670156479,0.2076912224292755,0.9302073121070862,917.0,917.0,50.0,4.217309951782227,27.613813400268555,3.7674055099487305,0.4099411070346832,1.1760433912277222,1.3915700912475586,0.6296296119689941,54.0,54.0,36.0,13.763067245483398,22.74995994567871,2.5243337154388428,0.4219018518924713,0.06765639781951904,0.06765639781951904,0.9778124094009399,8389.7646484375,0.419488232421875,1.3697385787963867,33.692604064941406,7.00931453704834,0.4547848403453827
20,449,0.059042926877737045,0.055165521800518036,0.9793079495429993,2803.0,2803.0,50.0,1.2019999027252197,33.96798324584961,7.035469055175781,0.4589695632457733,0.010199280455708504,0.011493558064103127,0.9981045722961426,2638.0,2638.0,50.0,0.2943660616874695,35.864925384521484,8.153151512145996,0.46677350997924805,0.1834292709827423,0.22269569337368011,0.9256830811500549,915.0,915.0,50.0,4.15877103805542,27.407670974731445,3.8810715675354004,0.4098312258720398,0.9794076681137085,1.0718615055084229,0.6136364340782166,44.0,44.0,29.0,14.528044700622559,18.502452850341797,2.293755531311035,0.4242807626724243,0.06302104890346527,0.06302105635404587,0.9768750071525574,8389.68359375,0.4194841796875,1.3422269821166992,33.70563507080078,7.0125837326049805,0.45492249727249146
20,499,0.06335875391960144,0.05836448818445206,0.9756184816360474,2789.0,2789.0,50.0,1.3421826362609863,33.753814697265625,6.845612525939941,0.45881128311157227,0.01149261835962534,0.013180572539567947,0.995928943157196,2702.0,2702.0,50.0,0.31455785036087036,35.83642578125,8.129693984985352,0.4662674069404602,0.17406617105007172,0.21897196769714355,0.9417928457260132,859.0,859.0,50.0,3.774498462677002,28.015514373779297,3.9899048805236816,0.4081260859966278,0.8757217526435852,0.919862687587738,0.5999999046325684,50.0,50.0,34.0,14.293781280517578,20.662158966064453,2.3050191402435303,0.4237924814224243,0.0626671239733696,0.062667116522789,0.9767187237739563,8389.603515625,0.41948017578125,1.3359789848327637,33.76060104370117,6.968973159790039,0.4548826813697815
20,549,0.05305076017975807,0.0699339509010315,0.982801079750061,2849.0,2849.0,50.0,1.2044974565505981,33.89079666137695,7.008719444274902,0.4597488045692444,0.010353255085647106,0.012506857514381409,0.9968907833099365,2573.0,2573.0,50.0,0.28848326206207275,35.87749099731445,8.182587623596191,0.46604999899864197,0.1855902522802353,0.1386069655418396,0.9236642718315125,917.0,917.0,50.0,4.261651992797852,27.41698455810547,3.9258170127868652,0.4110206961631775,0.8425286412239075,1.0155400037765503,0.6393442749977112,61.0,61.0,34.0,13.563254356384277,19.409244537353516,2.234497308731079,0.4230763614177704,0.06240015849471092,0.06240016222000122,0.9767187833786011,8389.5224609375,0.41947612304687504,1.3920583724975586,33.623905181884766,6.993424415588379,0.454950749874115
20,599,0.06263941526412964,0.05280066281557083,0.9769567251205444,2734.0,2734.0,50.0,1.2687348127365112,34.0081901550293,6.949001312255859,0.4596351385116577,0.01325282547622919,0.010494760237634182,0.995209813117981,2714.0,2714.0,50.0,0.3439682722091675,35.734375,8.116265296936035,0.46483495831489563,0.18329977989196777,0.18100859224796295,0.9240086674690247,908.0,908.0,50.0,4.131861686706543,27.70062828063965,3.857203245162964,0.4117770791053772,0.8530712127685547,0.9920199513435364,0.5681818127632141,44.0,44.0,30.0,14.141897201538086,20.688133239746094,2.219095230102539,0.4268225133419037,0.06424933671951294,0.06424932181835175,0.9743748307228088,8389.443359375,0.41947216796875003,1.371285080909729,33.75373840332031,6.972826957702637,0.4548247456550598
20,649,0.0655030906200409,0.07102245092391968,0.9763355255126953,2789.0,2789.0,50.0,1.3113056421279907,33.92264175415039,6.987826824188232,0.4600454568862915,0.009591901674866676,0.011433756910264492,0.9988439679145813,2595.0,2595.0,50.0,0.28583192825317383,35.86534881591797,8.286905288696289,0.466587096452713,0.18350617587566376,0.19039125740528107,0.9304257035255432,963.0,963.0,50.0,4.017751216888428,27.54608917236328,3.8772711753845215,0.409946471452713,0.9339148998260498,1.229536771774292,0.6037736535072327,53.0,53.0,31.0,14.855740547180176,18.327978134155273,2.0463125705718994,0.4223906695842743,0.06778019666671753,0.06778015941381454,0.9754687547683716,8389.3623046875,0.419468115234375,1.4149084091186523,33.621734619140625,7.005599021911621,0.4548477530479431
20,699,0.0633348822593689,0.06423329561948776,0.9772087335586548,2852.0,2852.0,50.0,1.3607755899429321,33.68763732910156,6.851535797119141,0.45984381437301636,0.01137440837919712,0.012103421613574028,0.9977010488510132,2610.0,2610.0,50.0,0.2960824966430664,35.84558868408203,8.187385559082031,0.4659522771835327,0.1735270768404007,0.2152465432882309,0.9325713515281677,875.0,875.0,50.0,3.79776668548584,27.860286712646484,4.051543712615967,0.4082329273223877,0.7294560074806213,0.5792917609214783,0.6984128355979919,63.0,63.0,35.0,13.379112243652344,17.41876983642578,2.0429162979125977,0.4262065589427948,0.0637672170996666,0.0637672170996666,0.976718544960022,8389.2822265625,0.419464111328125,1.3780683279037476,33.61082458496094,6.966165542602539,0.45494765043258667
20,749,0.05642874911427498,0.05074086785316467,0.97784024477005,2843.0,2843.0,50.0,1.2920926809310913,33.80078125,6.973659038543701,0.4605630040168762,0.010736505500972271,0.015127289108932018,0.9969232082366943,2600.0,2600.0,50.0,0.30840662121772766,35.729774475097656,8.144749641418457,0.46489936113357544,0.19100680947303772,0.15922227501869202,0.9252232313156128,896.0,896.0,50.0,4.119647026062012,27.491281509399414,3.7755441665649414,0.4091639518737793,0.6320837736129761,0.45441702008247375,0.7540983557701111,61.0,61.0,40.0,12.390698432922363,19.239538192749023,2.087308406829834,0.43510201573371887,0.06219390407204628,0.062193918973207474,0.9760937690734863,8389.2021484375,0.419460107421875,1.3941113948822021,33.56231689453125,6.955105304718018,0.4548860788345337
20,799,0.05682409182190895,0.04454096406698227,0.9776833653450012,2823.0,2823.0,50.0,1.2672717571258545,33.82837677001953,7.008098602294922,0.45946866273880005,0.009445378556847572,0.00875932164490223,0.9977469444274902,2663.0,2663.0,50.0,0.2773292660713196,35.775997161865234,8.084278106689453,0.4652062952518463,0.20231257379055023,0.23089617490768433,0.9232560396194458,860.0,860.0,50.0,4.196141719818115,27.522872924804688,3.7946321964263916,0.40891173481941223,0.7797507643699646,0.581114649772644,0.7222222685813904,54.0,54.0,36.0,13.166133880615234,17.169124603271484,2.0598044395446777,0.42103996872901917,0.06275981664657593,0.06275981664657593,0.9765625,8389.123046875,0.41945615234375,1.3493263721466064,33.650901794433594,6.982329368591309,0.45473822951316833
20,849,0.05213496834039688,0.03932829201221466,0.9780532717704773,2825.0,2825.0,50.0,1.2055388689041138,33.97280502319336,7.13807487487793,0.4607454538345337,0.013118825852870941,0.017253970727324486,0.9972963333129883,2589.0,2589.0,50.0,0.34891653060913086,35.71580505371094,8.199034690856934,0.46529871225357056,0.18712085485458374,0.17936161160469055,0.9229945540428162,935.0,935.0,50.0,4.200043201446533,27.188566207885742,3.8204429149627686,0.4097661077976227,0.8667662143707275,0.7695783376693726,0.5490195751190186,51.0,51.0,33.0,14.51402759552002,18.061965942382812,2.2106006145477295,0.42691051959991455,0.06256388872861862,0.06256391108036041,0.9743750691413879,8389.0400390625,0.41945200195312504,1.402538776397705,33.55997848510742,7.043315410614014,0.45486998558044434
20,899,0.06126631796360016,0.0630994662642479,0.9729052782058716,2805.0,2805.0,50.0,1.3532484769821167,33.822059631347656,7.051920413970947,0.4600493907928467,0.011164047755300999,0.010465170256793499,0.9973116517066956,2604.0,2604.0,50.0,0.3149106204509735,35.75027847290039,8.15816593170166,0.46533751487731934,0.18295197188854218,0.15201324224472046,0.932620108127594,935.0,935.0,50.0,4.0686211585998535,27.506664276123047,3.941526174545288,0.4112483263015747,0.9938556551933289,0.9202131628990173,0.625,56.0,56.0,36.0,14.334378242492676,20.79266357421875,2.320976495742798,0.4340415894985199,0.06681864708662033,0.06681862473487854,0.9739060401916504,8388.9609375,0.41944804687500004,1.44105863571167,33.56995391845703,7.006218910217285,0.4548439085483551
20,949,0.057010065764188766,0.05428476631641388,0.9783379435539246,2816.0,2816.0,50.0,1.2138465642929077,34.00062561035156,7.064583778381348,0.46015453338623047,0.009892779402434826,0.009524798952043056,0.9965870380401611,2637.0,2637.0,50.0,0.2840391993522644,35.738189697265625,8.197127342224121,0.4645485579967499,0.14215703308582306,0.15022046864032745,0.951273500919342,903.0,903.0,50.0,3.438811779022217,28.250518798828125,3.9604227542877197,0.41150104999542236,0.6638588905334473,0.6360578536987305,0.7272726893424988,44.0,44.0,30.0,11.49935531616211,22.341230392456055,2.2862257957458496,0.4305065870285034,0.05378206819295883,0.053782060742378235,0.9803124666213989,8388.8828125,0.419444140625,1.2153784036636353,33.825096130371094,7.060398101806641,0.4548964500427246
20,999,0.05240524187684059,0.05130692198872566,0.9810428023338318,2743.0,2743.0,50.0,1.1875916719436646,33.82526779174805,7.108212947845459,0.45948898792266846,0.012437880039215088,0.014352910220623016,0.9974130392074585,2706.0,2706.0,50.0,0.33360278606414795,35.648311614990234,8.168177604675293,0.4649588465690613,0.17909909784793854,0.19187012314796448,0.9272931814193726,894.0,894.0,50.0,3.7915396690368652,28.373088836669922,4.006182670593262,0.41199055314064026,0.6834666132926941,0.4254103899002075,0.7543858289718628,57.0,57.0,34.0,11.393221855163574,19.74555206298828,2.3372764587402344,0.42693567276000977,0.05882447957992554,0.05882447957992554,0.9784375429153442,8388.80078125,0.41944003906250005,1.2811472415924072,33.70907211303711,7.080573081970215,0.4548768401145935
20,1049,0.06459344178438187,0.07982569187879562,0.9730894565582275,2787.0,2787.0,50.0,1.390392780303955,33.57632064819336,7.064376354217529,0.45926177501678467,0.009946420788764954,0.008838845416903496,0.9977678656578064,2688.0,2688.0,50.0,0.2727995216846466,35.704681396484375,8.262577056884766,0.4640621542930603,0.18271227180957794,0.16630075871944427,0.9268292188644409,861.0,861.0,50.0,4.116282939910889,27.944482803344727,4.014035701751709,0.4135078191757202,0.8789879083633423,0.7740727663040161,0.5624999403953552,64.0,64.0,33.0,15.63066577911377,17.96442413330078,2.027082920074463,0.42904001474380493,0.06567631661891937,0.06567630916833878,0.9731250405311584,8388.72265625,0.41943613281250003,1.4301238059997559,33.556453704833984,7.106881141662598,0.4548203945159912
20,1099,0.052995715290308,0.052767544984817505,0.9773518443107605,2870.0,2870.0,50.0,1.2069774866104126,33.95945358276367,7.162289619445801,0.4605640769004822,0.010203175246715546,0.010252570733428001,0.9972816705703735,2575.0,2575.0,50.0,0.2946907877922058,35.58531188964844,8.190462112426758,0.46311190724372864,0.18073484301567078,0.14232368767261505,0.9309173226356506,883.0,883.0,50.0,4.0571818351745605,28.140514373779297,3.9673879146575928,0.41558218002319336,1.2167236804962158,1.227487564086914,0.569444477558136,72.0,72.0,41.0,15.575210571289062,21.569120407104492,2.458500862121582,0.4234445095062256,0.06649435311555862,0.06649435311555862,0.9743750095367432,8388.6376953125,0.41943188476562504,1.3948063850402832,33.67138671875,7.082254409790039,0.4549654722213745
20,1149,0.06118312478065491,0.05786138400435448,0.9739040732383728,2874.0,2874.0,50.0,1.3622968196868896,33.77892303466797,7.106156349182129,0.4600265920162201,0.012109161354601383,0.013377382420003414,0.9968713521957397,2557.0,2557.0,50.0,0.33829882740974426,35.66816711425781,8.137200355529785,0.46459442377090454,0.20122265815734863,0.18694812059402466,0.9285715222358704,910.0,910.0,50.0,4.114457130432129,28.002803802490234,3.931147575378418,0.4127610921859741,0.8354095220565796,0.781611979007721,0.6101694703102112,59.0,59.0,30.0,15.01247787475586,17.407413482666016,1.9714159965515137,0.4299432635307312,0.06862583756446838,0.068625807762146,0.9732812643051147,8388.55859375,0.41942792968750003,1.4703381061553955,33.56151580810547,7.019308090209961,0.45485368371009827
20,1199,0.06309416145086288,0.06865419447422028,0.9739099740982056,2798.0,2798.0,50.0,1.3122434616088867,33.964317321777344,7.1468024253845215,0.4611416459083557,0.013212170451879501,0.012705552391707897,0.9961537718772888,2600.0,2600.0,50.0,0.3527408242225647,35.637699127197266,8.198148727416992,0.4636778235435486,0.20123302936553955,0.15663856267929077,0.929916501045227,956.0,956.0,50.0,4.242459297180176,27.614784240722656,3.8919105529785156,0.4134688079357147,1.0227305889129639,0.6638579368591309,0.5652173757553101,46.0,46.0,30.0,14.231245994567871,21.98849868774414,2.4753494262695312,0.4272878170013428,0.07036145031452179,0.07036148756742477,0.9734375476837158,8388.4775390625,0.419423876953125,1.453001856803894,33.60959243774414,7.054136276245117,0.4548075199127197
20,1249,0.05549967288970947,0.06319575756788254,0.9763098955154419,2786.0,2786.0,50.0,1.2669023275375366,33.76581573486328,6.919560432434082,0.45845115184783936,0.01083011832088232,0.010436004027724266,0.9981522560119629,2706.0,2706.0,50.0,0.3157532513141632,35.67428970336914,8.149889945983887,0.46479156613349915,0.16491805016994476,0.12973499298095703,0.9394645094871521,859.0,859.0,50.0,3.723491907119751,28.247142791748047,3.964512348175049,0.4127861261367798,0.8258888125419617,0.6732034683227539,0.6326530575752258,49.0,49.0,33.0,12.94945240020752,20.571308135986328,2.2609236240386963,0.4258963465690613,0.05719711631536484,0.05719711631536484,0.977968692779541,8388.3974609375,0.419419873046875,1.283909559249878,33.731014251708984,7.007468223571777,0.4547536075115204
20,1271,0.05015897750854492,0.046842388808727264,0.9838187098503113,1236.0,1236.0,22.0,1.1394280195236206,33.879127502441406,7.036705493927002,0.45882686972618103,0.011270115152001381,0.01124422624707222,0.9982455968856812,1140.0,1140.0,22.0,0.3307570815086365,35.490718841552734,8.161937713623047,0.46283677220344543,0.22434011101722717,0.1753397136926651,0.9078947901725769,380.0,380.0,22.0,4.746492385864258,27.486133575439453,3.7770655155181885,0.4174688160419464,0.41807079315185547,0.5944687724113464,0.8571428656578064,14.0,14.0,10.0,9.248287200927734,18.089555740356445,2.5262465476989746,0.40817081928253174,0.059772953391075134,0.05990854278206825,0.9787003397941589,8388.361328125,0.41941806640625,1.342432975769043,33.58556365966797,7.029829978942871,0.4545474648475647
21,49,0.04770269617438316,0.05070006847381592,0.9847949147224426,2828.0,2828.0,50.0,1.139761209487915,33.880516052246094,7.000431537628174,0.4599117040634155,0.008576425723731518,0.009913046844303608,0.9984526038169861,2585.0,2585.0,50.0,0.23960061371326447,35.80887222290039,8.454113960266113,0.4642976224422455,0.18477818369865417,0.19106681644916534,0.9326086044311523,920.0,920.0,50.0,4.078945159912109,27.951311111450195,4.000728607177734,0.41487249732017517,1.0606251955032349,0.9452154636383057,0.5522388219833374,67.0,67.0,36.0,14.610796928405762,19.74227523803711,2.4241018295288086,0.4152495861053467,0.062207985669374466,0.062207989394664764,0.9782812595367432,8388.28125,0.4194140625,1.3397133350372314,33.6590576171875,7.108467102050781,0.4547412395477295
21,99,0.05522432550787926,0.05319828912615776,0.9810059666633606,2843.0,2843.0,50.0,1.2096773386001587,33.87466049194336,6.999497890472412,0.45968377590179443,0.00961986742913723,0.006604643072932959,0.9984620809555054,2601.0,2601.0,50.0,0.27054741978645325,35.684120178222656,8.267980575561523,0.46406978368759155,0.17280304431915283,0.18537718057632446,0.936312735080719,895.0,895.0,50.0,3.7039759159088135,28.514982223510742,4.1260986328125,0.4143159091472626,0.7325763702392578,0.7657195329666138,0.7049180269241333,61.0,61.0,34.0,12.643333435058594,19.099306106567383,2.1482667922973633,0.4267316460609436,0.059589046984910965,0.05958905071020126,0.9792187213897705,8388.201171875,0.41941005859375,1.2857983112335205,33.719688415527344,7.066951751708984,0.4548078179359436
21,149,0.061380933970212936,0.0480467788875103,0.9779438376426697,2811.0,2811.0,50.0,1.3410398960113525,33.65806198120117,6.986714839935303,0.45895081758499146,0.010720408521592617,0.010618040338158607,0.9977537393569946,2671.0,2671.0,50.0,0.30591022968292236,35.61758041381836,8.145922660827637,0.4637633264064789,0.1683657467365265,0.19458003342151642,0.9351850748062134,864.0,864.0,50.0,3.8116631507873535,28.32502555847168,4.012206554412842,0.4148187041282654,0.82414710521698,0.5790060758590698,0.5370370149612427,54.0,54.0,35.0,13.991864204406738,18.746503829956055,2.106142282485962,0.4295191168785095,0.06111687794327736,0.061116866767406464,0.9767187833786011,8388.12109375,0.41940605468750003,1.3493105173110962,33.63007736206055,7.027764320373535,0.4547531306743622
21,199,0.05481434613466263,0.05738985538482666,0.979957640171051,2844.0,2844.0,50.0,1.1943061351776123,33.95564651489258,7.084163665771484,0.459862619638443,0.007805186789482832,0.0058944919146597385,0.9992399215698242,2631.0,2631.0,50.0,0.2384485900402069,35.66470718383789,8.186150550842285,0.463096559047699,0.174509659409523,0.1565929502248764,0.9442548155784607,879.0,879.0,50.0,3.8572146892547607,28.10541534423828,4.025827884674072,0.41510090231895447,0.8690199255943298,0.6008959412574768,0.6739131212234497,46.0,46.0,32.0,13.193574905395508,19.179105758666992,2.1817197799682617,0.42379316687583923,0.0577806793153286,0.057780683040618896,0.9807811975479126,8388.0400390625,0.41940200195312505,1.2533377408981323,33.748531341552734,7.081903457641602,0.4547850787639618
21,249,0.05432216078042984,0.05852110683917999,0.9798707365989685,2782.0,2782.0,50.0,1.1679173707962036,34.10599899291992,7.155345439910889,0.461112916469574,0.010868842713534832,0.010697191581130028,0.9969867467880249,2655.0,2655.0,50.0,0.28208720684051514,35.61351013183594,8.213153839111328,0.46270379424095154,0.1697254776954651,0.13658803701400757,0.9380435347557068,920.0,920.0,50.0,3.8029165267944336,28.180959701538086,3.9507689476013184,0.4151921570301056,0.9946180582046509,0.9412350654602051,0.4883720278739929,43.0,43.0,28.0,15.86850357055664,20.448333740234375,2.2714498043060303,0.42869898676872253,0.0592026486992836,0.059202659875154495,0.9776562452316284,8387.9609375,0.41939804687500004,1.277987003326416,33.78789520263672,7.100699424743652,0.45495396852493286
21,299,0.049007598310709,0.05564739927649498,0.9830927848815918,2839.0,2839.0,50.0,1.1416387557983398,33.88463592529297,7.15874719619751,0.4595886170864105,0.011085749603807926,0.008678453043103218,0.9977065324783325,2616.0,2616.0,50.0,0.31499114632606506,35.571285247802734,8.222979545593262,0.4631809890270233,0.1443793624639511,0.13957096636295319,0.94537353515625,897.0,897.0,50.0,3.5690152645111084,28.52422523498535,4.097674369812012,0.4167477786540985,0.5379321575164795,0.5516353249549866,0.7291666865348816,48.0,48.0,29.0,10.890350341796875,18.70879554748535,2.1406607627868652,0.4234645962715149,0.05054092034697533,0.050540924072265625,0.9818750619888306,8387.8828125,0.419394140625,1.217073917388916,33.70893859863281,7.1270880699157715,0.4547816514968872
21,349,0.04984426125884056,0.044230714440345764,0.9831420183181763,2788.0,2788.0,50.0,1.0516176223754883,34.2980842590332,7.27269983291626,0.4612317979335785,0.007360205985605717,0.0060127186588943005,0.9988559484481812,2622.0,2622.0,50.0,0.22346240282058716,35.68404769897461,8.355716705322266,0.4628068506717682,0.15843714773654938,0.1516357809305191,0.940298318862915,938.0,938.0,50.0,3.627730131149292,28.44169044494629,4.081279754638672,0.4144600033760071,0.9950787425041199,1.3331329822540283,0.5961538553237915,52.0,52.0,30.0,14.102949142456055,21.291566848754883,2.4430978298187256,0.42074906826019287,0.05603473260998726,0.05603475123643875,0.9801561832427979,8387.80078125,0.4193900390625,1.1959363222122192,33.90188980102539,7.209415435791016,0.45469313859939575
21,399,0.055515699088573456,0.05109148845076561,0.9763118028640747,2744.0,2744.0,50.0,1.2018312215805054,34.06510543823242,7.2708611488342285,0.4621545672416687,0.008013595826923847,0.0065859295427799225,0.9992416501045227,2637.0,2637.0,50.0,0.24343402683734894,35.631099700927734,8.230550765991211,0.4626970589160919,0.13996170461177826,0.14629001915454865,0.9457200169563293,958.0,958.0,50.0,3.256645679473877,29.014812469482422,4.165808200836182,0.4148603677749634,0.7806486487388611,0.646365225315094,0.6557376384735107,61.0,61.0,33.0,12.671120643615723,18.795446395874023,2.184098243713379,0.4173790216445923,0.05549529194831848,0.055495284497737885,0.9781249761581421,8387.7216796875,0.41938608398437505,1.2238383293151855,33.808841705322266,7.153012752532959,0.4548719823360443
21,449,0.06432089954614639,0.07857124507427216,0.9723402857780457,2820.0,2820.0,50.0,1.2988998889923096,33.945980072021484,7.140964984893799,0.4598443806171417,0.011351674795150757,0.00949854776263237,0.9973362684249878,2628.0,2628.0,50.0,0.32404059171676636,35.537445068359375,8.218124389648438,0.46323710680007935,0.16375279426574707,0.12220578640699387,0.9269103407859802,903.0,903.0,50.0,3.6700117588043213,28.61840057373047,4.190189361572266,0.4145641028881073,0.5671337246894836,0.5545635223388672,0.6734694242477417,49.0,49.0,31.0,11.293540000915527,19.9543514251709,2.3230464458465576,0.4327324330806732,0.06044929474592209,0.06044929474592209,0.9739061594009399,8387.640625,0.41938203125,1.309668779373169,33.740665435791016,7.1300506591796875,0.454641193151474
21,499,0.04901214689016342,0.05346323549747467,0.9815768003463745,2714.0,2714.0,50.0,1.0852547883987427,34.0850715637207,7.156012058258057,0.46007609367370605,0.008877361193299294,0.00961674191057682,0.9985126852989197,2689.0,2689.0,50.0,0.2635999321937561,35.71227264404297,8.279841423034668,0.46421992778778076,0.16083985567092896,0.138981431722641,0.9379014372825623,934.0,934.0,50.0,3.663877248764038,28.252534866333008,4.182850360870361,0.4134274125099182,0.8435284495353699,0.6883215308189392,0.60317462682724,63.0,63.0,35.0,14.23157787322998,18.465009689331055,2.1304781436920166,0.4203392267227173,0.056290123611688614,0.05629013851284981,0.9785937070846558,8387.560546875,0.41937802734375,1.245758295059204,33.76380157470703,7.144829750061035,0.4546182155609131
21,549,0.057111360132694244,0.04453914240002632,0.9765489101409912,2857.0,2857.0,50.0,1.2408326864242554,33.897247314453125,7.104813575744629,0.45945239067077637,0.010953267104923725,0.012306999415159225,0.998848557472229,2605.0,2605.0,50.0,0.32139647006988525,35.58757781982422,8.23116397857666,0.46393895149230957,0.1640883833169937,0.19620516896247864,0.9457014799118042,884.0,884.0,50.0,3.7274813652038574,28.038454055786133,4.022017002105713,0.41406071186065674,0.7914807200431824,0.49837803840637207,0.7037036418914795,54.0,54.0,34.0,12.345725059509277,20.681955337524414,2.41888689994812,0.4262688457965851,0.059296026825904846,0.05929601937532425,0.979062557220459,8387.482421875,0.41937412109375,1.303759217262268,33.66451644897461,7.09792423248291,0.4547288417816162
21,599,0.0559353344142437,0.05225810036063194,0.9806451797485352,2790.0,2790.0,50.0,1.2142434120178223,33.83982467651367,7.173745155334473,0.4591885507106781,0.00989534892141819,0.012594903819262981,0.9981068968772888,2641.0,2641.0,50.0,0.28876352310180664,35.65303039550781,8.283672332763672,0.4642239809036255,0.15728667378425598,0.15434704720973969,0.9435842037200928,904.0,904.0,50.0,3.597245693206787,28.435503005981445,4.095344066619873,0.4143277704715729,0.6765464544296265,0.9177395105361938,0.6769231557846069,65.0,65.0,37.0,12.666953086853027,18.942930221557617,2.2024221420288086,0.430402010679245,0.057555604726076126,0.05755560100078583,0.9795313477516174,8387.40234375,0.4193701171875,1.2852540016174316,33.673397064208984,7.146449565887451,0.4546374976634979
21,649,0.055522747337818146,0.057720769196748734,0.9800894260406494,2913.0,2913.0,50.0,1.1694563627243042,33.97507095336914,7.165889263153076,0.4595203399658203,0.012831089086830616,0.012325860559940338,0.9972898960113525,2583.0,2583.0,50.0,0.3638552129268646,35.45719909667969,8.072061538696289,0.46339064836502075,0.19750984013080597,0.1587400734424591,0.9305063486099243,849.0,849.0,50.0,4.162790775299072,28.012168884277344,3.9955480098724365,0.41449010372161865,1.0130915641784668,1.0752291679382324,0.6363637447357178,55.0,55.0,35.0,13.930459022521973,19.752492904663086,2.272186517715454,0.4182312786579132,0.06535724550485611,0.06535724550485611,0.9775000810623169,8387.3203125,0.41936601562500003,1.3510701656341553,33.66000747680664,7.06899356842041,0.4547539949417114
21,699,0.05687931552529335,0.05582331866025925,0.9761056303977966,2804.0,2804.0,50.0,1.2690266370773315,33.86155700683594,7.22609806060791,0.46003258228302,0.013361606746912003,0.015247910283505917,0.9962391257286072,2659.0,2659.0,50.0,0.3707178831100464,35.45541000366211,8.21705436706543,0.463518887758255,0.17698058485984802,0.15342316031455994,0.9397320747375488,896.0,896.0,50.0,3.9854705333709717,27.758642196655273,3.904029130935669,0.41424962878227234,0.6294147372245789,0.8325121998786926,0.7317072749137878,41.0,41.0,27.0,12.037890434265137,19.631881713867188,2.212991714477539,0.42753833532333374,0.059281058609485626,0.05928105115890503,0.9778124690055847,8387.240234375,0.41936201171875004,1.345097541809082,33.57818603515625,7.1406049728393555,0.4548632502555847
21,749,0.0482330247759819,0.05315571278333664,0.9814341068267822,2747.0,2747.0,50.0,1.0775493383407593,34.09147644042969,7.285923004150391,0.46050554513931274,0.009861120954155922,0.014004422351717949,0.9981459379196167,2697.0,2697.0,50.0,0.2782873213291168,35.63283920288086,8.267524719238281,0.46350374817848206,0.15565942227840424,0.13245485723018646,0.9413066506385803,903.0,903.0,50.0,3.673403024673462,28.124494552612305,4.039511680603027,0.41257455945014954,0.6972416639328003,0.8498817682266235,0.5849056839942932,53.0,53.0,31.0,13.856864929199219,17.37298583984375,2.089662551879883,0.43410608172416687,0.052594661712646484,0.052594661712646484,0.9795310497283936,8387.1611328125,0.41935805664062503,1.2128227949142456,33.76066207885742,7.198496341705322,0.45478761196136475
21,799,0.05589562654495239,0.062106870114803314,0.9781148433685303,2833.0,2833.0,50.0,1.2812749147415161,33.698490142822266,7.088454723358154,0.45920681953430176,0.009177017956972122,0.007603509351611137,0.9973282217979431,2620.0,2620.0,50.0,0.26020318269729614,35.70777130126953,8.397293090820312,0.463916540145874,0.17944028973579407,0.1528657078742981,0.9298442006111145,898.0,898.0,50.0,3.8707027435302734,28.67709732055664,4.161667346954346,0.4162168502807617,0.8044390678405762,0.8011365532875061,0.5510205030441284,49.0,49.0,32.0,14.404653549194336,19.593706130981445,2.1118288040161133,0.42891988158226013,0.05983608961105347,0.05983608961105347,0.9759374260902405,8387.0810546875,0.41935405273437504,1.3270785808563232,33.7084846496582,7.175493240356445,0.45487093925476074
21,849,0.05594876781105995,0.05744526535272598,0.981044352054596,2796.0,2796.0,50.0,1.2330527305603027,33.87472915649414,7.197229862213135,0.4599986970424652,0.00967030692845583,0.010284775868058205,0.9977409243583679,2656.0,2656.0,50.0,0.28403565287590027,35.51006317138672,8.313708305358887,0.46263784170150757,0.1822662204504013,0.16899706423282623,0.9343147873878479,883.0,883.0,50.0,4.065303802490234,27.854480743408203,3.9067575931549072,0.4163150489330292,0.8391121029853821,1.1029622554779053,0.7076921463012695,65.0,65.0,37.0,12.30184268951416,21.52430534362793,2.4249277114868164,0.4328640401363373,0.062125064432621,0.0621250718832016,0.9787498712539673,8387.0009765625,0.41935004882812504,1.3423901796340942,33.59735107421875,7.158117294311523,0.4547913670539856
21,899,0.05540376156568527,0.05486692488193512,0.9818698763847351,2813.0,2813.0,50.0,1.1628246307373047,33.97606658935547,7.173307418823242,0.46091514825820923,0.012069432996213436,0.011175589635968208,0.9969419240951538,2616.0,2616.0,50.0,0.3307252526283264,35.50434875488281,8.322672843933105,0.4628288745880127,0.21941471099853516,0.1989685446023941,0.9137001037597656,927.0,927.0,50.0,4.4653496742248535,27.826339721679688,3.963022232055664,0.4153689742088318,0.8226309418678284,0.7629433274269104,0.5909090042114258,44.0,44.0,33.0,14.317919731140137,18.99018669128418,2.1266441345214844,0.4398084878921509,0.06672151386737823,0.06672149896621704,0.9754687547683716,8386.9189453125,0.419345947265625,1.3914954662322998,33.606971740722656,7.143424987792969,0.45495519042015076
21,949,0.04867975786328316,0.049594249576330185,0.9828487634658813,2857.0,2857.0,50.0,1.1603100299835205,33.912261962890625,7.139463424682617,0.4605449140071869,0.013675542548298836,0.012728741392493248,0.9953935742378235,2605.0,2605.0,50.0,0.37747061252593994,35.424869537353516,8.231937408447266,0.46306541562080383,0.13594835996627808,0.13302604854106903,0.9450671672821045,892.0,892.0,50.0,3.2095110416412354,28.737445831298828,4.0842061042785645,0.4143535792827606,0.6822241544723511,0.5717955827713013,0.739130437374115,46.0,46.0,30.0,10.770037651062012,22.87394142150879,2.4184751510620117,0.44242534041404724,0.05114860087633133,0.051148608326911926,0.9809373617172241,8386.83984375,0.4193419921875,1.1963472366333008,33.72736358642578,7.12437629699707,0.45500266551971436
21,999,0.04855424910783768,0.059618014842271805,0.9804686307907104,2816.0,2816.0,50.0,1.10785710811615,34.00357437133789,7.231738567352295,0.45998987555503845,0.008101523853838444,0.007788081653416157,0.9984768033027649,2626.0,2626.0,50.0,0.23677703738212585,35.686920166015625,8.3871431350708,0.4630597233772278,0.17341819405555725,0.16037756204605103,0.9299998879432678,900.0,900.0,50.0,3.9027247428894043,28.61998748779297,4.129645824432373,0.41777297854423523,0.8014340400695801,1.043236494064331,0.7068964838981628,58.0,58.0,33.0,12.605234146118164,20.018434524536133,2.2451229095458984,0.4161170721054077,0.056337956339120865,0.056337956339120865,0.9782811999320984,8386.7587890625,0.41933793945312503,1.247665286064148,33.81046676635742,7.224392414093018,0.4549151360988617
21,1049,0.05729476362466812,0.052467264235019684,0.9788732528686523,2840.0,2840.0,50.0,1.2366199493408203,33.958213806152344,7.28291130065918,0.46019917726516724,0.010037969797849655,0.01084672100841999,0.9980944991111755,2624.0,2624.0,50.0,0.27069151401519775,35.537227630615234,8.278555870056152,0.46210795640945435,0.15952780842781067,0.14670127630233765,0.9386364817619324,880.0,880.0,50.0,3.6266133785247803,28.501155853271484,4.071415901184082,0.4177597761154175,0.7741366028785706,0.8308031558990479,0.6071428656578064,56.0,56.0,34.0,12.953088760375977,19.02783966064453,2.2473111152648926,0.4243047833442688,0.05824889615178108,0.05824888497591019,0.9779687523841858,8386.6787109375,0.41933393554687504,1.2717324495315552,33.7246208190918,7.205483436584473,0.4548322856426239
21,1099,0.049387164413928986,0.05113200470805168,0.9815798401832581,2823.0,2823.0,50.0,1.1701743602752686,33.843875885009766,7.179722309112549,0.4595966637134552,0.009558431804180145,0.00878802128136158,0.9977238178253174,2636.0,2636.0,50.0,0.2561262845993042,35.63957214355469,8.36818790435791,0.46292537450790405,0.18115824460983276,0.18886001408100128,0.9172261357307434,894.0,894.0,50.0,3.8788352012634277,28.659557342529297,4.041252136230469,0.41745510697364807,0.7556867003440857,0.6326686143875122,0.7234042286872864,47.0,47.0,32.0,11.183297157287598,22.736705780029297,2.4406137466430664,0.43361830711364746,0.056576356291770935,0.05657636374235153,0.9773437976837158,8386.599609375,0.41932998046875003,1.245600700378418,33.77772521972656,7.196013450622559,0.45489025115966797
21,1149,0.05634920671582222,0.05517619103193283,0.9784983992576599,2837.0,2837.0,50.0,1.2678171396255493,33.77070999145508,7.151841640472412,0.460132360458374,0.009448445402085781,0.008044042624533176,0.997345507144928,2637.0,2637.0,50.0,0.2724546492099762,35.51921844482422,8.34281063079834,0.4625324606895447,0.1892091929912567,0.1567392349243164,0.939150333404541,871.0,871.0,50.0,3.92948055267334,28.445043563842773,3.9778177738189697,0.4168317914009094,0.8549448847770691,0.6885034441947937,0.6181818842887878,55.0,55.0,34.0,14.049811363220215,19.579601287841797,2.1971728801727295,0.43330541253089905,0.061968959867954254,0.06196897476911545,0.9778125286102295,8386.51953125,0.41932597656250004,1.329777717590332,33.6444091796875,7.1680145263671875,0.45499783754348755
21,1199,0.05672450363636017,0.0561714693903923,0.9788134694099426,2832.0,2832.0,50.0,1.2557311058044434,33.780460357666016,7.1617560386657715,0.4598856270313263,0.008684579282999039,0.008235994726419449,0.9984756112098694,2624.0,2624.0,50.0,0.2566254734992981,35.535682678222656,8.438343048095703,0.46304231882095337,0.19156286120414734,0.19167497754096985,0.9179019331932068,877.0,877.0,50.0,4.168386936187744,28.117778778076172,3.9927523136138916,0.4169901907444,0.6648785471916199,0.6375675201416016,0.6716416478157043,67.0,67.0,37.0,12.528037071228027,18.685482025146484,2.1644704341888428,0.4256211519241333,0.061871808022260666,0.06187181547284126,0.9753124713897705,8386.4384765625,0.419321923828125,1.363229751586914,33.56610870361328,7.198588848114014,0.45494315028190613
21,1249,0.05792751908302307,0.04836833477020264,0.9781929850578308,2889.0,2889.0,50.0,1.232739806175232,33.846656799316406,7.158697605133057,0.4598965346813202,0.008601482957601547,0.010624628514051437,0.9988248348236084,2553.0,2553.0,50.0,0.25365015864372253,35.69874572753906,8.452280044555664,0.4640064537525177,0.1763831079006195,0.1702299565076828,0.9409140348434448,897.0,897.0,50.0,3.8215079307556152,28.297969818115234,4.0232367515563965,0.4139361083507538,0.9931542873382568,0.9661394357681274,0.5737704038619995,61.0,61.0,34.0,13.874000549316406,20.84393310546875,2.3215503692626953,0.43054690957069397,0.0637672170996666,0.06376722455024719,0.9773436188697815,8386.359375,0.41931796875000005,1.3254938125610352,33.68385314941406,7.189157485961914,0.454814612865448
21,1271,0.054102201014757156,0.05943237990140915,0.9803250432014465,1169.0,1169.0,22.0,1.1894176006317139,33.91339111328125,7.292820930480957,0.45984241366386414,0.008333702571690083,0.0084445895627141,0.9991357326507568,1157.0,1157.0,22.0,0.24812495708465576,35.71641159057617,8.389707565307617,0.46486833691596985,0.21304620802402496,0.17726832628250122,0.9232614040374756,417.0,417.0,22.0,4.3660759925842285,27.55790138244629,3.871589183807373,0.41378292441368103,0.39597079157829285,0.4492882192134857,0.7407407760620117,27.0,27.0,18.0,9.893627166748047,18.34695053100586,2.247931957244873,0.43630754947662354,0.06200447678565979,0.062245141714811325,0.9772562980651855,8386.32421875,0.41931621093750004,1.3593109846115112,33.55799865722656,7.186767578125,0.45477843284606934
22,49,0.05653269588947296,0.06263941526412964,0.9783841371536255,2822.0,2822.0,50.0,1.260885238647461,33.70751953125,7.099571228027344,0.4593662619590759,0.01248920988291502,0.014429006725549698,0.9973804354667664,2672.0,2672.0,50.0,0.34648725390434265,35.490333557128906,8.3123197555542,0.4640343487262726,0.13967600464820862,0.13510702550411224,0.952546238899231,864.0,864.0,50.0,3.3440001010894775,28.502185821533203,4.128030776977539,0.4143463671207428,0.8887063264846802,1.041597843170166,0.6428571343421936,42.0,42.0,26.0,13.270140647888184,18.820030212402344,2.274263858795166,0.42144694924354553,0.054830022156238556,0.054830025881528854,0.9806250929832458,8386.2421875,0.419312109375,1.2391552925109863,33.651424407958984,7.173069477081299,0.45498865842819214
22,99,0.04498115926980972,0.049323923885822296,0.9842801690101624,2799.0,2799.0,50.0,1.0453271865844727,34.08141326904297,7.287395477294922,0.46027418971061707,0.009401942603290081,0.008752596564590931,0.9976913928985596,2599.0,2599.0,50.0,0.2745743989944458,35.6307487487793,8.513490676879883,0.4640218913555145,0.17747873067855835,0.17836590111255646,0.9380903244018555,953.0,953.0,50.0,3.9227616786956787,27.922264099121094,4.005286693572998,0.4158048927783966,0.7589114904403687,0.6674997806549072,0.6734694242477417,49.0,49.0,33.0,12.891535758972168,20.004589080810547,2.150515079498291,0.4284171462059021,0.055728405714035034,0.055728405714035034,0.98046875,8386.1640625,0.419308203125,1.2514947652816772,33.68567657470703,7.257249355316162,0.45493045449256897
22,149,0.05150867998600006,0.05586040019989014,0.981034517288208,2900.0,2900.0,50.0,1.2001559734344482,33.762813568115234,7.161603927612305,0.4592324197292328,0.008441092446446419,0.006934270262718201,0.998833954334259,2573.0,2573.0,50.0,0.2589263617992401,35.669715881347656,8.46581745147705,0.4639057517051697,0.14302903413772583,0.13269789516925812,0.9516686797142029,869.0,869.0,50.0,3.3104135990142822,28.79650115966797,4.131907939910889,0.4148620069026947,0.43814027309417725,0.4786459505558014,0.8275862336158752,58.0,58.0,36.0,8.976473808288574,21.56448745727539,2.2985846996307373,0.43465596437454224,0.05012476071715355,0.05012476071715355,0.9828124642372131,8386.0849609375,0.419304248046875,1.1787585020065308,33.74456787109375,7.230491638183594,0.45486384630203247
22,199,0.04503596946597099,0.04930759221315384,0.9857854247093201,2814.0,2814.0,50.0,1.025394082069397,34.087764739990234,7.278650283813477,0.46004819869995117,0.00888438057154417,0.009969117119908333,0.9976860880851746,2593.0,2593.0,50.0,0.254314661026001,35.64455032348633,8.581745147705078,0.46338242292404175,0.17725414037704468,0.1544606238603592,0.9270385503768921,932.0,932.0,50.0,3.9975833892822266,28.21445083618164,4.021402835845947,0.416885644197464,0.6688359379768372,0.6774426102638245,0.7213114500045776,61.0,61.0,38.0,12.711377143859863,19.131853103637695,2.1716208457946777,0.4395470917224884,0.05558880418539047,0.05558878928422928,0.9795312881469727,8386.0048828125,0.419300244140625,1.2571935653686523,33.72065734863281,7.283594131469727,0.45491814613342285
22,249,0.04853705316781998,0.046204373240470886,0.9808645844459534,2822.0,2822.0,50.0,1.1351778507232666,33.9831657409668,7.265224933624268,0.46102744340896606,0.009974722750484943,0.008814563974738121,0.9984739422798157,2621.0,2621.0,50.0,0.29305803775787354,35.3880615234375,8.341227531433105,0.46156927943229675,0.14593616127967834,0.138712540268898,0.9490021467208862,902.0,902.0,50.0,3.3345112800598145,29.096229553222656,4.233900547027588,0.4179937541484833,0.8908916115760803,0.8931219577789307,0.6363636255264282,55.0,55.0,33.0,13.846025466918945,19.680587768554688,2.333195209503174,0.4266652464866638,0.05371074751019478,0.05371074751019478,0.9806250333786011,8385.9248046875,0.419296240234375,1.2095059156417847,33.746849060058594,7.236269950866699,0.4548889994621277
22,299,0.04473448917269707,0.0439479760825634,0.9843471646308899,2811.0,2811.0,50.0,1.0493144989013672,33.98652648925781,7.2431440353393555,0.4596138894557953,0.007654733955860138,0.007735240273177624,0.9988598227500916,2631.0,2631.0,50.0,0.22921912372112274,35.664512634277344,8.487637519836426,0.4632686674594879,0.1570269614458084,0.17115481197834015,0.9507657885551453,914.0,914.0,50.0,3.3201398849487305,29.14836311340332,4.34288215637207,0.41719359159469604,1.0658574104309082,0.7972765564918518,0.5909090042114258,44.0,44.0,32.0,15.312981605529785,19.32805633544922,2.2173118591308594,0.4263789653778076,0.05254822596907616,0.05254822224378586,0.9828125238418579,8385.845703125,0.41929228515625,1.1345434188842773,33.88460922241211,7.30600118637085,0.45482969284057617
22,349,0.061262838542461395,0.062182653695344925,0.9771917462348938,2806.0,2806.0,50.0,1.2875823974609375,33.87322235107422,7.307800769805908,0.4604247212409973,0.009885605424642563,0.009203881025314331,0.9976896047592163,2597.0,2597.0,50.0,0.26952579617500305,35.60869598388672,8.396749496459961,0.4628184139728546,0.16563181579113007,0.1520431935787201,0.9336897134780884,935.0,935.0,50.0,3.6771743297576904,28.723180770874023,4.276797771453857,0.4175185263156891,0.5786542892456055,0.6201385855674744,0.7258065938949585,62.0,62.0,37.0,10.27940559387207,23.021377563476562,2.6279382705688477,0.42824220657348633,0.06067480891942978,0.06067480891942978,0.9767187833786011,8385.7646484375,0.419288232421875,1.3106868267059326,33.71992874145508,7.261528968811035,0.45481595396995544
22,399,0.04893214628100395,0.04417848959565163,0.9812190532684326,2822.0,2822.0,50.0,1.1107592582702637,33.96793746948242,7.256994724273682,0.4599490463733673,0.011701643466949463,0.009879225865006447,0.9957950711250305,2616.0,2616.0,50.0,0.30500900745391846,35.46922302246094,8.417463302612305,0.4619997441768646,0.16073566675186157,0.18806403875350952,0.9377729892730713,916.0,916.0,50.0,3.7601189613342285,28.497777938842773,4.065385818481445,0.4204268753528595,0.5950111150741577,0.8535135388374329,0.6739130616188049,46.0,46.0,30.0,10.726654052734375,20.68071746826172,2.2571728229522705,0.4297780692577362,0.053641002625226974,0.053640998899936676,0.9787499904632568,8385.6865234375,0.419284326171875,1.229712724685669,33.70317077636719,7.238600730895996,0.45491379499435425
22,449,0.04753173887729645,0.045085154473781586,0.983482837677002,2785.0,2785.0,50.0,1.0899227857589722,33.98516082763672,7.238059997558594,0.460269570350647,0.007627296261489391,0.008509228937327862,0.9992435574531555,2644.0,2644.0,50.0,0.23288594186306,35.578304290771484,8.496380805969238,0.46272706985473633,0.1262873411178589,0.09449658542871475,0.9609811902046204,897.0,897.0,50.0,2.993429660797119,29.201051712036133,4.31818962097168,0.4167131781578064,0.732062578201294,0.7927387952804565,0.6081081628799438,74.0,74.0,35.0,13.540003776550293,20.32682228088379,2.328670024871826,0.4328790605068207,0.04999920725822449,0.04999919235706329,0.9824999570846558,8385.6083984375,0.41928041992187504,1.146601915359497,33.81488037109375,7.291901111602783,0.45486342906951904
22,499,0.051049575209617615,0.047885410487651825,0.9815470576286316,2818.0,2818.0,50.0,1.1964565515518188,33.802913665771484,7.2517781257629395,0.46021801233291626,0.008609694428741932,0.007828211411833763,0.999245285987854,2650.0,2650.0,50.0,0.2590269446372986,35.48604202270508,8.382112503051758,0.4615345299243927,0.1651882827281952,0.154855415225029,0.9413754940032959,887.0,887.0,50.0,3.720956802368164,28.648359298706055,4.089850425720215,0.4197733402252197,0.8161384463310242,1.1601284742355347,0.7111111283302307,45.0,45.0,32.0,10.91718578338623,22.626319885253906,2.6811347007751465,0.43076828122138977,0.054675258696079254,0.054675254970788956,0.9814061522483826,8385.525390625,0.41927626953125,1.226530909538269,33.70685958862305,7.249446392059326,0.4549506902694702
22,549,0.0476628839969635,0.04137145355343819,0.9819851517677307,2831.0,2831.0,50.0,1.1599222421646118,33.786598205566406,7.193111419677734,0.4593712091445923,0.008175767958164215,0.006420767866075039,0.9996201992034912,2633.0,2633.0,50.0,0.23786506056785583,35.51862335205078,8.487494468688965,0.4617903232574463,0.17360125482082367,0.17669714987277985,0.9445727467536926,866.0,866.0,50.0,3.8128468990325928,28.493186950683594,4.16970157623291,0.41960322856903076,0.7393851280212402,0.8773024082183838,0.6571428775787354,70.0,70.0,35.0,12.095354080200195,21.15862274169922,2.3079147338867188,0.44173386693000793,0.056024398654699326,0.05602438747882843,0.9806249737739563,8385.4462890625,0.419272314453125,1.2591623067855835,33.64478302001953,7.263091564178467,0.45479243993759155
22,599,0.04566393420100212,0.03332923725247383,0.9861994981765747,2826.0,2826.0,50.0,1.0338019132614136,34.037872314453125,7.317295551300049,0.4598560929298401,0.011774523183703423,0.014800694771111012,0.9970116019248962,2677.0,2677.0,50.0,0.32786351442337036,35.26620864868164,8.274080276489258,0.4603595435619354,0.13112448155879974,0.11316776275634766,0.9529409408569336,850.0,850.0,50.0,3.2325024604797363,29.355430603027344,4.27437162399292,0.4209256172180176,0.666903555393219,0.6984654068946838,0.7659574747085571,47.0,47.0,29.0,10.88076114654541,22.73581886291504,2.548386812210083,0.43564391136169434,0.04740108549594879,0.04740108549594879,0.9846874475479126,8385.3662109375,0.419268310546875,1.1028496026992798,33.84677505493164,7.2783403396606445,0.4547184109687805
22,649,0.04851333051919937,0.046570874750614166,0.9824868440628052,2855.0,2855.0,50.0,1.0773147344589233,34.090721130371094,7.2827863693237305,0.4598315358161926,0.009663643315434456,0.009401499293744564,0.9973098039627075,2602.0,2602.0,50.0,0.26812776923179626,35.42023468017578,8.489996910095215,0.4609193205833435,0.17794418334960938,0.17365515232086182,0.920134961605072,889.0,889.0,50.0,4.026243209838867,28.599349975585938,4.062009334564209,0.42275387048721313,0.726375162601471,0.7346686124801636,0.7222222089767456,54.0,54.0,33.0,11.553995132446289,21.983463287353516,2.4487760066986084,0.4306851923465729,0.05641672760248184,0.056416720151901245,0.9776562452316284,8385.287109375,0.41926435546875,1.2463513612747192,33.76631164550781,7.285419940948486,0.4548775553703308
22,699,0.04842482507228851,0.050411466509103775,0.9790158271789551,2764.0,2764.0,50.0,1.1383696794509888,33.77825164794922,7.213216781616211,0.4584275484085083,0.009038248099386692,0.011600147932767868,0.9970249533653259,2689.0,2689.0,50.0,0.2514106035232544,35.52596664428711,8.480814933776855,0.46203121542930603,0.16477634012699127,0.16890975832939148,0.9417691826820374,893.0,893.0,50.0,3.795964479446411,28.73746109008789,4.113476753234863,0.42340609431266785,0.382510781288147,0.3453492224216461,0.8703703284263611,54.0,54.0,32.0,8.07374382019043,23.196229934692383,2.4102632999420166,0.43385049700737,0.05092983692884445,0.050929829478263855,0.9804686903953552,8385.2099609375,0.41926049804687504,1.1950430870056152,33.71992874145508,7.272770404815674,0.45484769344329834
22,749,0.05440256744623184,0.04485110566020012,0.9781022071838379,2877.0,2877.0,50.0,1.170535922050476,33.8961181640625,7.292382717132568,0.4591730237007141,0.00779980793595314,0.007070328574627638,0.9992262125015259,2585.0,2585.0,50.0,0.24095621705055237,35.52728271484375,8.516337394714355,0.4621634781360626,0.16175289452075958,0.14558690786361694,0.9403824806213379,889.0,889.0,50.0,3.645420551300049,28.778064727783203,4.151084899902344,0.42101600766181946,0.5541212558746338,0.5165974497795105,0.6938775181770325,49.0,49.0,34.0,11.054635047912598,20.133697509765625,2.329920768737793,0.4398577809333801,0.05431701987981796,0.05431702733039856,0.9792187213897705,8385.1298828125,0.41925649414062505,1.2145249843597412,33.7386589050293,7.312405586242676,0.4549327790737152
22,799,0.04369059205055237,0.03841325268149376,0.9823570847511292,2834.0,2834.0,50.0,1.0181167125701904,33.95992660522461,7.363930702209473,0.45963141322135925,0.010570279322564602,0.010381188243627548,0.9969208836555481,2598.0,2598.0,50.0,0.2912042438983917,35.512481689453125,8.496389389038086,0.46284598112106323,0.14080475270748138,0.11636056005954742,0.9429823160171509,912.0,912.0,50.0,3.399095296859741,28.998292922973633,4.148825168609619,0.41958314180374146,0.9143823385238647,0.9785498976707458,0.5714285969734192,56.0,56.0,33.0,14.371750831604004,17.853225708007812,2.1962716579437256,0.4224640429019928,0.05170314386487007,0.051703136414289474,0.979062557220459,8385.0517578125,0.41925258789062503,1.1791694164276123,33.7421989440918,7.320268630981445,0.4549042284488678
22,849,0.05467817559838295,0.06236417591571808,0.9794001579284668,2767.0,2767.0,50.0,1.1632179021835327,33.9650993347168,7.363693714141846,0.4600045084953308,0.008484418503940105,0.008765021339058876,0.9984917044639587,2652.0,2652.0,50.0,0.24289759993553162,35.564517974853516,8.486881256103516,0.46217742562294006,0.1449364870786667,0.1143641546368599,0.9568499326705933,927.0,927.0,50.0,3.312337636947632,29.153377532958984,4.244089126586914,0.42003563046455383,0.6346507668495178,0.6809743642807007,0.6481481194496155,54.0,54.0,30.0,12.172218322753906,16.73172378540039,2.0808491706848145,0.4270979166030884,0.05350351706147194,0.05350350961089134,0.9812500476837158,8384.9697265625,0.419248486328125,1.1860352754592896,33.78550720214844,7.332685470581055,0.4548380374908447
22,899,0.048512205481529236,0.05226738750934601,0.9822128415107727,2811.0,2811.0,50.0,1.0869269371032715,33.94425964355469,7.3376312255859375,0.45896536111831665,0.009640831500291824,0.010572070255875587,0.998060405254364,2578.0,2578.0,50.0,0.27906331419944763,35.676963806152344,8.535491943359375,0.46430686116218567,0.17154750227928162,0.13480092585086823,0.9371726512908936,955.0,955.0,50.0,3.718280076980591,28.810108184814453,4.226219177246094,0.41813841462135315,0.6050398349761963,0.5750980377197266,0.6785714030265808,56.0,56.0,36.0,10.942034721374512,21.914548873901367,2.4849369525909424,0.4373879134654999,0.05608312413096428,0.05608312413096428,0.9792187809944153,8384.8896484375,0.419244482421875,1.2403888702392578,33.770843505859375,7.3134026527404785,0.45483607053756714
22,949,0.056405968964099884,0.07493839412927628,0.9780299067497253,2822.0,2822.0,50.0,1.254827857017517,33.67100143432617,7.239054203033447,0.4582395553588867,0.010287054814398289,0.008839049376547337,0.9965437650680542,2604.0,2604.0,50.0,0.28487274050712585,35.60223388671875,8.576043128967285,0.46422278881073,0.1395215392112732,0.15041470527648926,0.9553862810134888,919.0,919.0,50.0,3.2883543968200684,28.91560173034668,4.278609752655029,0.41973620653152466,0.7454503774642944,1.0836375951766968,0.6727272868156433,55.0,55.0,35.0,12.106905937194824,20.161636352539062,2.250192165374756,0.4260241687297821,0.05549768730998039,0.055497683584690094,0.9796875715255737,8384.8095703125,0.419240478515625,1.245439052581787,33.65782928466797,7.315067291259766,0.45486825704574585
22,999,0.053623832762241364,0.05361605063080788,0.9819104075431824,2764.0,2764.0,50.0,1.1326792240142822,33.94473648071289,7.356855392456055,0.4590819478034973,0.007975168526172638,0.0067860884591937065,0.9981365203857422,2683.0,2683.0,50.0,0.23542554676532745,35.661216735839844,8.50386905670166,0.4631742537021637,0.15727077424526215,0.15470747649669647,0.9411766529083252,901.0,901.0,50.0,3.5697450637817383,28.898298263549805,4.190370082855225,0.4193418323993683,0.801902711391449,0.6476552486419678,0.6538462042808533,52.0,52.0,33.0,12.797088623046875,20.031904220581055,2.2807369232177734,0.4286821186542511,0.05515837296843529,0.05515836551785469,0.9803125858306885,8384.7294921875,0.419236474609375,1.1944001913070679,33.8408317565918,7.350679874420166,0.4549558460712433
22,1049,0.04369913786649704,0.03789922222495079,0.9851417541503906,2894.0,2894.0,50.0,1.0292307138442993,34.02834701538086,7.339288711547852,0.4598207473754883,0.00988752581179142,0.010335111990571022,0.9976670145988464,2572.0,2572.0,50.0,0.27770528197288513,35.46772766113281,8.457784652709961,0.4618021547794342,0.13943149149417877,0.1035841703414917,0.948036789894104,866.0,866.0,50.0,3.3533360958099365,29.122066497802734,4.328869342803955,0.42036452889442444,0.659400463104248,0.7906470894813538,0.6617646813392639,68.0,68.0,40.0,11.611083984375,22.57826042175293,2.4167251586914062,0.43023481965065,0.049606721848249435,0.04960670694708824,0.9817186594009399,8384.6494140625,0.419232470703125,1.154124140739441,33.821258544921875,7.329134464263916,0.454963743686676
22,1099,0.0509740486741066,0.05762358382344246,0.9808985590934753,2827.0,2827.0,50.0,1.1394844055175781,33.914520263671875,7.300815582275391,0.4592686593532562,0.00896955281496048,0.008109627291560173,0.9981174468994141,2656.0,2656.0,50.0,0.26185256242752075,35.45884323120117,8.453055381774902,0.4618879556655884,0.15373864769935608,0.16804850101470947,0.9504608511924744,868.0,868.0,50.0,3.444251537322998,29.114490509033203,4.2192158699035645,0.4206448197364807,0.6142365336418152,0.6045305132865906,0.714285671710968,49.0,49.0,34.0,10.12108325958252,24.468978881835938,2.764716625213623,0.43507203459739685,0.05179210752248764,0.05179211124777794,0.9818750619888306,8384.5703125,0.419228515625,1.1566166877746582,33.83209228515625,7.326323509216309,0.4549320340156555
22,1149,0.04656221345067024,0.0400085411965847,0.9821745753288269,2805.0,2805.0,50.0,1.0550792217254639,34.06107711791992,7.406346797943115,0.4601583182811737,0.011840536259114742,0.008641097694635391,0.9970216751098633,2686.0,2686.0,50.0,0.30084219574928284,35.349220275878906,8.513489723205566,0.46045413613319397,0.14314152300357819,0.13859163224697113,0.9452851414680481,859.0,859.0,50.0,3.527437210083008,28.712615966796875,4.1663079261779785,0.4213932752609253,0.7808394432067871,0.8672508597373962,0.6399999260902405,50.0,50.0,35.0,13.029170036315918,22.530059814453125,2.304264783859253,0.44152361154556274,0.050689227879047394,0.05068925395607948,0.9807811975479126,8384.490234375,0.41922451171875,1.1639196872711182,33.79374694824219,7.396266937255859,0.45493388175964355
22,1199,0.04658947512507439,0.043156519532203674,0.9831542372703552,2790.0,2790.0,50.0,1.0792022943496704,33.95496368408203,7.407309532165527,0.4598662853240967,0.008033804595470428,0.007646880578249693,0.9980902075767517,2618.0,2618.0,50.0,0.232186421751976,35.63499069213867,8.791450500488281,0.46272456645965576,0.15425556898117065,0.14947320520877838,0.9365590214729309,930.0,930.0,50.0,3.4838502407073975,29.208402633666992,4.393152236938477,0.4210464358329773,0.8979418873786926,0.7665682435035706,0.5967741012573242,62.0,62.0,37.0,13.97584342956543,19.85519027709961,2.1735899448394775,0.41515424847602844,0.05471048876643181,0.054710499942302704,0.9787499904632568,8384.4111328125,0.419220556640625,1.2070815563201904,33.81587219238281,7.484813690185547,0.4549613296985626
22,1249,0.055154670029878616,0.05934341251850128,0.9779942631721497,2772.0,2772.0,50.0,1.2109934091567993,33.88771438598633,7.387511730194092,0.45997154712677,0.0076105305925011635,0.007601206190884113,0.9988738894462585,2664.0,2664.0,50.0,0.22795087099075317,35.494083404541016,8.56723403930664,0.4615950882434845,0.17737054824829102,0.1569085270166397,0.9407894015312195,912.0,912.0,50.0,3.7477328777313232,28.99553680419922,4.299687385559082,0.42089778184890747,0.9270094633102417,1.139479160308838,0.6346153616905212,52.0,52.0,31.0,14.215600967407227,20.04033660888672,2.2436630725860596,0.4358628988265991,0.05986400693655014,0.05986400321125984,0.9785937070846558,8384.330078125,0.41921650390625004,1.2689497470855713,33.74671936035156,7.396761894226074,0.4548834562301636
22,1271,0.06163112819194794,0.0632779598236084,0.9806885123252869,1191.0,1191.0,22.0,1.3684707880020142,33.37746047973633,7.260924816131592,0.4580115079879761,0.009015101939439774,0.008919033221900463,0.997459888458252,1181.0,1181.0,22.0,0.2447090744972229,35.590450286865234,8.469656944274902,0.46294230222702026,0.15112940967082977,0.13442428410053253,0.9519999623298645,375.0,375.0,22.0,3.3159711360931396,29.431180953979492,4.22410774230957,0.42113980650901794,0.5499529838562012,0.7721226215362549,0.695652186870575,23.0,23.0,15.0,11.903766632080078,18.453689575195312,2.124523639678955,0.4321313798427582,0.05599953979253769,0.05536893755197525,0.9815884828567505,8384.29296875,0.4192146484375,1.2404786348342896,33.662818908691406,7.3225016593933105,0.45490723848342896
23,49,0.046569909900426865,0.05734509974718094,0.981245756149292,2826.0,2826.0,50.0,1.0281604528427124,34.14402389526367,7.412131309509277,0.46056973934173584,0.009424835443496704,0.011009212583303452,0.9969277381896973,2604.0,2604.0,50.0,0.26798194646835327,35.477901458740234,8.663108825683594,0.46222367882728577,0.12588535249233246,0.09124473482370377,0.9575163125991821,918.0,918.0,50.0,2.9920220375061035,29.559837341308594,4.3767828941345215,0.41901618242263794,0.6408228874206543,0.4635135233402252,0.7115384936332703,52.0,52.0,34.0,11.108512878417969,20.101848602294922,2.3359100818634033,0.4216840863227844,0.04766162112355232,0.04766162484884262,0.9820313453674316,8384.212890625,0.41921064453125,1.0824570655822754,33.91510772705078,7.444495677947998,0.4549664258956909
23,99,0.050750356167554855,0.044912245124578476,0.9828311204910278,2854.0,2854.0,50.0,1.1089439392089844,33.973819732666016,7.444338321685791,0.45938825607299805,0.010065718553960323,0.01149356085807085,0.9969420433044434,2616.0,2616.0,50.0,0.2835015654563904,35.465423583984375,8.536955833435059,0.4625541567802429,0.1628994196653366,0.12031155079603195,0.9402480721473694,887.0,887.0,50.0,3.717909336090088,28.740312576293945,4.142749786376953,0.419433057308197,0.6798205375671387,0.4696439206600189,0.7674419283866882,43.0,43.0,29.0,11.795372009277344,20.456636428833008,2.184486150741577,0.4292198121547699,0.05389024317264557,0.05389023572206497,0.9812500476837158,8384.1357421875,0.41920678710937503,1.2049301862716675,33.767364501953125,7.398026466369629,0.45494210720062256
23,149,0.040560007095336914,0.03423921763896942,0.9854143857955933,2811.0,2811.0,50.0,1.0161586999893188,33.88761520385742,7.40181827545166,0.45871174335479736,0.006987654138356447,0.007128432393074036,0.9988610744476318,2634.0,2634.0,50.0,0.20166587829589844,35.63226318359375,8.716850280761719,0.4624370336532593,0.13089849054813385,0.10684474557638168,0.9582863450050354,887.0,887.0,50.0,3.2681641578674316,28.966739654541016,4.092329978942871,0.42144984006881714,0.5708980560302734,0.44051486253738403,0.7647057771682739,68.0,68.0,36.0,10.55294132232666,19.7247371673584,2.3650214672088623,0.43881553411483765,0.044898077845573425,0.044898077845573425,0.9848437309265137,8384.0556640625,0.41920278320312504,1.0943862199783325,33.773162841796875,7.430845737457275,0.45486927032470703
23,199,0.04564189910888672,0.04596828669309616,0.9817352294921875,2847.0,2847.0,50.0,1.0584571361541748,33.980384826660156,7.562643051147461,0.45959821343421936,0.008609754033386707,0.008702955208718777,0.9984585046768188,2595.0,2595.0,50.0,0.24736300110816956,35.52294158935547,8.55855655670166,0.46222972869873047,0.14149604737758636,0.1063752993941307,0.9495611786842346,912.0,912.0,50.0,3.242096185684204,29.52756118774414,4.334868907928467,0.4207932949066162,0.5514388680458069,0.5119589567184448,0.7173912525177002,46.0,46.0,28.0,11.518820762634277,17.719223022460938,2.1271722316741943,0.4288145899772644,0.04792114719748497,0.04792115092277527,0.9820312261581421,8383.9765625,0.41919882812500003,1.115936279296875,33.85443878173828,7.467429161071777,0.45491427183151245
23,249,0.03592284768819809,0.035402607172727585,0.9862627387046814,2839.0,2839.0,50.0,0.8906722664833069,34.215885162353516,7.515336990356445,0.4601553678512573,0.008530770428478718,0.009626757353544235,0.9976814985275269,2588.0,2588.0,50.0,0.2464817464351654,35.51524353027344,8.619184494018555,0.46198102831840515,0.15498878061771393,0.12595035135746002,0.9434167146682739,919.0,919.0,50.0,3.5686910152435303,28.812057495117188,4.268974304199219,0.4205041825771332,0.7295566201210022,0.8608410358428955,0.777777910232544,54.0,54.0,34.0,11.132078170776367,22.661609649658203,2.54784893989563,0.43410277366638184,0.04779582470655441,0.04779583215713501,0.9829686880111694,8383.896484375,0.41919482421875004,1.1011362075805664,33.86786651611328,7.453634262084961,0.45498013496398926
23,299,0.049176175147295,0.05698208883404732,0.9810725450515747,2853.0,2853.0,50.0,1.15167236328125,33.945770263671875,7.394528388977051,0.46126389503479004,0.010541196912527084,0.010475805960595608,0.9973127841949463,2605.0,2605.0,50.0,0.3011239469051361,35.28083801269531,8.507976531982422,0.46024173498153687,0.1374180167913437,0.12712590396404266,0.9476677179336548,879.0,879.0,50.0,3.2585065364837646,29.225244522094727,4.3060503005981445,0.4195707142353058,0.6989438533782959,0.681705892086029,0.6984125971794128,63.0,63.0,36.0,12.18001651763916,20.528886795043945,2.2743282318115234,0.4366230070590973,0.05196615308523178,0.051966145634651184,0.9803124666213989,8383.8173828125,0.41919086914062503,1.2033933401107788,33.708778381347656,7.3731513023376465,0.4548789858818054
23,349,0.04268127679824829,0.04314332455396652,0.9857549667358398,2808.0,2808.0,50.0,0.9955912828445435,34.104862213134766,7.4524126052856445,0.459854394197464,0.007656177040189505,0.005370082333683968,0.9992424249649048,2640.0,2640.0,50.0,0.2303064912557602,35.43016052246094,8.571739196777344,0.46092405915260315,0.14431773126125336,0.12793603539466858,0.9571107029914856,886.0,886.0,50.0,3.280333995819092,29.35051155090332,4.321308135986328,0.42176124453544617,0.48939892649650574,0.540786623954773,0.7575758099555969,66.0,66.0,39.0,10.039690971374512,20.51230239868164,2.2503890991210938,0.4314896762371063,0.046910498291254044,0.046910494565963745,0.9850000143051147,8383.73828125,0.4191869140625,1.0894726514816284,33.85319519042969,7.427026748657227,0.4547295868396759
23,399,0.04180927947163582,0.03670277073979378,0.987073540687561,2785.0,2785.0,50.0,0.9821091294288635,34.09636306762695,7.436392784118652,0.46042466163635254,0.0075328233651816845,0.007409579120576382,0.9996214509010315,2642.0,2642.0,50.0,0.22495172917842865,35.460723876953125,8.679057121276855,0.4612314701080322,0.1442057490348816,0.16714943945407867,0.9586508274078369,919.0,919.0,50.0,3.2446954250335693,29.501482009887695,4.404989242553711,0.42223548889160156,0.8228156566619873,0.7041038274765015,0.703703761100769,54.0,54.0,33.0,11.673670768737793,22.84910774230957,2.74924373626709,0.42940661311149597,0.04895275831222534,0.04895276576280594,0.985781192779541,8383.6591796875,0.419182958984375,1.0846483707427979,33.90489196777344,7.474541664123535,0.4550122618675232
23,449,0.055925220251083374,0.05081532150506973,0.9811320900917053,2862.0,2862.0,50.0,1.1535840034484863,33.96625518798828,7.474071979522705,0.4599073529243469,0.011291015893220901,0.01162802055478096,0.9965675473213196,2622.0,2622.0,50.0,0.3128245770931244,35.2597770690918,8.490715026855469,0.4604291319847107,0.1439857929944992,0.14480191469192505,0.9419953227043152,862.0,862.0,50.0,3.364077091217041,29.51744842529297,4.317103385925293,0.4232322573661804,0.7111063599586487,0.7956892251968384,0.703703761100769,54.0,54.0,33.0,12.421528816223145,20.527179718017578,2.286588430404663,0.4315643906593323,0.05502788722515106,0.05502789467573166,0.9798437356948853,8383.5810546875,0.419179052734375,1.2019344568252563,33.78360366821289,7.421604156494141,0.4549422860145569
23,499,0.050863295793533325,0.0645069107413292,0.9832226634025574,2861.0,2861.0,50.0,1.139864206314087,33.86814498901367,7.387659549713135,0.45997199416160583,0.007680030073970556,0.009717903099954128,0.9992395043373108,2630.0,2630.0,50.0,0.22947993874549866,35.3360710144043,8.574235916137695,0.45963364839553833,0.15212352573871613,0.12441301345825195,0.9456645846366882,865.0,865.0,50.0,3.576970338821411,29.194820404052734,4.2195963859558105,0.42497122287750244,0.6331058740615845,0.7308523058891296,0.7727273106575012,44.0,44.0,29.0,12.291143417358398,17.503808975219727,2.034247875213623,0.4365338683128357,0.050806544721126556,0.050806544721126556,0.9832811951637268,8383.4990234375,0.41917495117187503,1.1718083620071411,33.72723388671875,7.410280227661133,0.4549412429332733
23,549,0.04432358592748642,0.052084218710660934,0.9831540584564209,2790.0,2790.0,50.0,1.0573561191558838,34.03873062133789,7.503636360168457,0.4605869650840759,0.007328694686293602,0.007023555226624012,0.9988755583763123,2668.0,2668.0,50.0,0.21176867187023163,35.29581069946289,8.63650131225586,0.45880427956581116,0.14936502277851105,0.13942764699459076,0.941042959690094,882.0,882.0,50.0,3.46492338180542,29.553306579589844,4.275241374969482,0.42626655101776123,0.6318332552909851,0.8078550100326538,0.6833334565162659,60.0,60.0,30.0,11.324589729309082,21.127201080322266,2.2974190711975098,0.44447386264801025,0.048885270953178406,0.04888526722788811,0.9810936450958252,8383.4208984375,0.419171044921875,1.1328999996185303,33.82358169555664,7.482177734375,0.45496296882629395
23,599,0.046711694449186325,0.04917535185813904,0.9815905690193176,2716.0,2716.0,50.0,1.0403050184249878,34.145450592041016,7.516788005828857,0.4609801173210144,0.008090522140264511,0.008690516464412212,0.9988928437232971,2710.0,2710.0,50.0,0.23441773653030396,35.372772216796875,8.625345230102539,0.460720032453537,0.13879616558551788,0.10639140754938126,0.9541485905647278,916.0,916.0,50.0,3.282217264175415,29.16722297668457,4.217867851257324,0.42125552892684937,0.7852326035499573,0.935058057308197,0.6896551847457886,58.0,58.0,34.0,12.674941062927246,20.704620361328125,2.3680858612060547,0.4322299361228943,0.050230469554662704,0.0502304770052433,0.9823436737060547,8383.33984375,0.41916699218750003,1.125374674797058,33.83082962036133,7.467374801635742,0.4549238383769989
23,649,0.04241102561354637,0.03848838806152344,0.9844765067100525,2770.0,2770.0,50.0,0.9960030317306519,34.135982513427734,7.576635360717773,0.46064239740371704,0.007429478690028191,0.005240309983491898,0.9992390275001526,2628.0,2628.0,50.0,0.22643883526325226,35.39596176147461,8.706805229187012,0.46077418327331543,0.1210256889462471,0.12785817682743073,0.9629237055778503,944.0,944.0,50.0,3.0587689876556396,29.438488006591797,4.366451263427734,0.4237443208694458,0.6072227954864502,0.6782262921333313,0.7241380214691162,58.0,58.0,35.0,10.74089527130127,20.403718948364258,2.37983775138855,0.43549469113349915,0.044760994613170624,0.04476099833846092,0.9850000143051147,8383.2607421875,0.419163037109375,1.072571873664856,33.83603286743164,7.520113468170166,0.45502614974975586
23,699,0.04595552384853363,0.037298597395420074,0.9851747155189514,2833.0,2833.0,50.0,1.0142946243286133,34.05192947387695,7.532025337219238,0.45974987745285034,0.007563011720776558,0.00815207976847887,0.9988420605659485,2591.0,2591.0,50.0,0.23856189846992493,35.388946533203125,8.756793975830078,0.460701584815979,0.14466767013072968,0.14180518686771393,0.9499457478523254,919.0,919.0,50.0,3.2766523361206055,29.671789169311523,4.480910301208496,0.42508020997047424,0.6275424361228943,0.6620649695396423,0.719298243522644,57.0,57.0,37.0,10.656030654907227,21.94399070739746,2.369239091873169,0.42714187502861023,0.04976676031947136,0.04976676031947136,0.9832811951637268,8383.1806640625,0.41915903320312503,1.110976219177246,33.856414794921875,7.543763160705566,0.4548664093017578
23,749,0.04050663486123085,0.03200601413846016,0.9846262335777283,2797.0,2797.0,50.0,0.9940557479858398,34.16018295288086,7.554502487182617,0.46118199825286865,0.0100010447204113,0.006220107898116112,0.9977350234985352,2649.0,2649.0,50.0,0.2835298478603363,35.308143615722656,8.615221977233887,0.4601036608219147,0.12308899313211441,0.11647935211658478,0.9587971568107605,898.0,898.0,50.0,2.9596877098083496,29.71544075012207,4.519183158874512,0.42115285992622375,0.6391606330871582,0.5619462728500366,0.7321428656578064,56.0,56.0,34.0,11.439250946044922,20.61553382873535,2.3965070247650146,0.43293774127960205,0.04470573365688324,0.04470573738217354,0.9842186570167542,8383.1025390625,0.419155126953125,1.0671627521514893,33.89316177368164,7.522514820098877,0.4548719525337219
23,799,0.044980309903621674,0.051126524806022644,0.9857040643692017,2798.0,2798.0,50.0,1.0366792678833008,34.01286697387695,7.5026702880859375,0.4598070979118347,0.00947003997862339,0.006973921321332455,0.9973312616348267,2623.0,2623.0,50.0,0.2548717260360718,35.391292572021484,8.715472221374512,0.46095699071884155,0.15595123171806335,0.17092365026474,0.93952476978302,926.0,926.0,50.0,3.4129018783569336,29.5672664642334,4.46630334854126,0.4241410195827484,0.570359468460083,0.5076255798339844,0.7735848426818848,53.0,53.0,35.0,9.291646957397461,22.50729751586914,2.5209157466888428,0.42581331729888916,0.05083354189991951,0.050833553075790405,0.9820312261581421,8383.0234375,0.419151171875,1.1284314393997192,33.83930206298828,7.5191497802734375,0.4548364281654358
23,849,0.04359099268913269,0.034340307116508484,0.9861515760421753,2744.0,2744.0,50.0,1.0219738483428955,34.023704528808594,7.553835391998291,0.46010732650756836,0.00973482709378004,0.008468559943139553,0.9977627396583557,2682.0,2682.0,50.0,0.27532124519348145,35.2830696105957,8.621927261352539,0.45979079604148865,0.15353453159332275,0.1594482660293579,0.9411122798919678,917.0,917.0,50.0,3.552171230316162,29.328651428222656,4.307796478271484,0.42660364508628845,0.48718374967575073,0.4171372354030609,0.7719298005104065,57.0,57.0,35.0,8.800191879272461,22.023338317871094,2.51314115524292,0.42966389656066895,0.04910673946142197,0.04910673946142197,0.9826561808586121,8382.943359375,0.41914716796875,1.140884280204773,33.77186584472656,7.491442680358887,0.4549030661582947
23,899,0.048855315893888474,0.03437706455588341,0.982626736164093,2878.0,2878.0,50.0,1.1026033163070679,33.88543701171875,7.492537021636963,0.4588622748851776,0.009106629528105259,0.007892224937677383,0.9980664849281311,2586.0,2586.0,50.0,0.2644640803337097,35.32761764526367,8.579704284667969,0.4602961838245392,0.13824641704559326,0.13375480473041534,0.9458849430084229,887.0,887.0,50.0,3.236084461212158,29.942445755004883,4.325555801391602,0.42732855677604675,0.48854169249534607,0.5125424265861511,0.7142857313156128,49.0,49.0,31.0,10.173171043395996,20.551088333129883,2.2270727157592773,0.42620953917503357,0.04854976758360863,0.04854976013302803,0.9817187190055847,8382.86328125,0.4191431640625,1.129076361656189,33.819602966308594,7.452583312988281,0.45482128858566284
23,949,0.042354438453912735,0.05446968227624893,0.9846484065055847,2801.0,2801.0,50.0,1.0026631355285645,34.07179260253906,7.513686180114746,0.4600789546966553,0.00838164146989584,0.005768538918346167,0.9984855055809021,2641.0,2641.0,50.0,0.25133612751960754,35.25225830078125,8.692586898803711,0.45938724279403687,0.12153397500514984,0.10300378501415253,0.9564269781112671,918.0,918.0,50.0,3.118713855743408,29.617794036865234,4.268691062927246,0.4272303581237793,0.6859253644943237,0.9315197467803955,0.7250000238418579,40.0,40.0,28.0,11.532556533813477,21.753263473510742,2.3829808235168457,0.43247050046920776,0.043714992702007294,0.0437149852514267,0.9846875667572021,8382.7861328125,0.41913930664062504,1.0619562864303589,33.843055725097656,7.502645969390869,0.45490923523902893
23,999,0.05022644251585007,0.04452201724052429,0.9794445633888245,2773.0,2773.0,50.0,1.1131805181503296,33.90086364746094,7.504404067993164,0.4597705900669098,0.009278246201574802,0.006914660334587097,0.9977768659591675,2699.0,2699.0,50.0,0.2597782611846924,35.292362213134766,8.703606605529785,0.4597889482975006,0.1312161237001419,0.12132636457681656,0.9444445371627808,864.0,864.0,50.0,3.2370076179504395,29.603797912597656,4.48115348815918,0.4259723424911499,0.7147701382637024,0.7252759337425232,0.6249999403953552,64.0,64.0,37.0,12.691340446472168,19.252525329589844,2.339724063873291,0.434245228767395,0.0505368635058403,0.0505368635058403,0.9789061546325684,8382.705078125,0.41913525390625,1.1557830572128296,33.7610969543457,7.550344467163086,0.45496031641960144
23,1049,0.04595954343676567,0.054073937237262726,0.9819920063018799,2721.0,2721.0,50.0,1.0165621042251587,34.16529846191406,7.663119792938232,0.46042951941490173,0.007249018177390099,0.006702068727463484,0.9988846778869629,2690.0,2690.0,50.0,0.21396836638450623,35.397918701171875,8.772965431213379,0.4602842926979065,0.14628936350345612,0.1371975839138031,0.9501062035560608,942.0,942.0,50.0,3.2369751930236816,29.575416564941406,4.4477691650390625,0.42420661449432373,0.7001292705535889,0.7352637648582458,0.6595744490623474,47.0,47.0,33.0,12.609745025634766,20.15348243713379,2.2726430892944336,0.4303974509239197,0.049260374158620834,0.04926037788391113,0.9820312261581421,8382.625,0.41913125,1.0911763906478882,33.904911041259766,7.616755962371826,0.4548163414001465
23,1099,0.04896724596619606,0.043081000447273254,0.9825358390808105,2863.0,2863.0,50.0,1.0555453300476074,34.08717346191406,7.549036026000977,0.4602198004722595,0.00799731258302927,0.007135782856494188,0.9980642199516296,2583.0,2583.0,50.0,0.23321491479873657,35.34014129638672,8.762296676635742,0.45968902111053467,0.14282387495040894,0.13563671708106995,0.9411765336990356,901.0,901.0,50.0,3.378922462463379,29.261213302612305,4.378513336181641,0.4241962730884552,0.7376461029052734,0.6880818605422974,0.6603773236274719,53.0,53.0,29.0,12.90750789642334,20.351612091064453,2.3579373359680176,0.4445973038673401,0.051348406821489334,0.05134841427206993,0.9803124666213989,8382.546875,0.41912734375000005,1.1488949060440063,33.799713134765625,7.549361228942871,0.45480477809906006
23,1149,0.044249411672353745,0.048706814646720886,0.9847733974456787,2824.0,2824.0,50.0,1.0128190517425537,33.960872650146484,7.5112690925598145,0.4588572084903717,0.006837589666247368,0.00790154468268156,0.9988465905189514,2601.0,2601.0,50.0,0.2018335610628128,35.539493560791016,8.815394401550293,0.461942583322525,0.15022319555282593,0.13445104658603668,0.9489128589630127,920.0,920.0,50.0,3.1912405490875244,29.824026107788086,4.552263259887695,0.4240419566631317,0.5214198231697083,0.46556714177131653,0.7272727489471436,55.0,55.0,35.0,9.951214790344238,24.319433212280273,2.7330267429351807,0.44147780537605286,0.04837941378355026,0.04837942495942116,0.9831249713897705,8382.4658203125,0.419123291015625,1.0731920003890991,33.924903869628906,7.574853420257568,0.4549570679664612
23,1199,0.04807116836309433,0.05017104744911194,0.9830508828163147,2891.0,2891.0,50.0,1.077796459197998,33.917388916015625,7.49579381942749,0.4596231281757355,0.013650541193783283,0.01594151370227337,0.9969243407249451,2601.0,2601.0,50.0,0.3511471450328827,35.155879974365234,8.602922439575195,0.4597547948360443,0.12048309296369553,0.09080186486244202,0.9556075930595398,856.0,856.0,50.0,2.924208164215088,29.958393096923828,4.439495086669922,0.42498981952667236,0.6219175457954407,0.5693424940109253,0.7884615063667297,52.0,52.0,34.0,10.457686424255371,22.030195236206055,2.5275254249572754,0.43647080659866333,0.04843001440167427,0.04843001067638397,0.9834375381469727,8382.3857421875,0.419119287109375,1.105650782585144,33.794620513916016,7.496590614318848,0.45485633611679077
23,1249,0.036619920283555984,0.035100292414426804,0.9863108396530151,2849.0,2849.0,50.0,0.9190081357955933,34.106754302978516,7.612668037414551,0.459376722574234,0.006946691311895847,0.0058738053776323795,0.9996137619018555,2589.0,2589.0,50.0,0.2117188423871994,35.33395004272461,8.779012680053711,0.46008971333503723,0.17858605086803436,0.14069797098636627,0.9317181706428528,908.0,908.0,50.0,3.9498648643493652,28.914968490600586,4.271359920501709,0.42687472701072693,0.8591278791427612,0.9222462177276611,0.5740742087364197,54.0,54.0,33.0,13.557961463928223,21.15861701965332,2.4402530193328857,0.43340903520584106,0.051697514951229095,0.05169752240180969,0.9804686903953552,8382.306640625,0.41911533203125,1.1695314645767212,33.75735855102539,7.566800594329834,0.45483481884002686
23,1271,0.0519951768219471,0.04404010996222496,0.9821861386299133,1235.0,1235.0,22.0,1.141770839691162,33.83081817626953,7.368344306945801,0.45891693234443665,0.011311477981507778,0.008994237519800663,0.9982714653015137,1157.0,1157.0,22.0,0.3000616431236267,35.16427993774414,8.655693054199219,0.4595310688018799,0.10547742992639542,0.1177048608660698,0.9741379618644714,348.0,348.0,22.0,2.6891307830810547,30.12624740600586,4.754267692565918,0.42386195063591003,0.5131916999816895,0.46807074546813965,0.8000000715255737,30.0,30.0,17.0,9.575424194335938,22.24287986755371,2.509951114654541,0.4484744966030121,0.04654471576213837,0.04671599715948105,0.9859205484390259,8382.26953125,0.41911347656250003,1.0759345293045044,33.796878814697266,7.525027275085449,0.45465633273124695
24,49,0.03862540051341057,0.03612816706299782,0.9855619072914124,2909.0,2909.0,50.0,0.9525452256202698,33.965423583984375,7.617712020874023,0.4587228298187256,0.0070085953921079636,0.00537191703915596,0.9988221526145935,2547.0,2547.0,50.0,0.21238721907138824,35.37871170043945,8.766154289245605,0.4598984122276306,0.1343088299036026,0.1429125964641571,0.9569649696350098,883.0,883.0,50.0,3.242455005645752,29.729124069213867,4.4658203125,0.42826908826828003,0.6168705224990845,0.6234803199768066,0.7540983557701111,61.0,61.0,39.0,10.862372398376465,21.983478546142578,2.500617027282715,0.4410044550895691,0.04475562274456024,0.04475562274456024,0.9846873879432678,8382.1943359375,0.41910971679687503,1.0683743953704834,33.82918930053711,7.591121196746826,0.45482009649276733
24,99,0.04916945472359657,0.038866303861141205,0.9845669269561768,2851.0,2851.0,50.0,0.9961690902709961,34.12805938720703,7.602306842803955,0.4597720801830292,0.0076592243276536465,0.006468698848038912,0.9988514184951782,2612.0,2612.0,50.0,0.22740165889263153,35.28199005126953,8.787463188171387,0.45934686064720154,0.12468486279249191,0.12409298866987228,0.9535672068595886,883.0,883.0,50.0,2.8739194869995117,30.34601402282715,4.622598171234131,0.425950825214386,0.3993585705757141,0.3503859043121338,0.8518518209457397,54.0,54.0,35.0,8.730772972106934,21.038116455078125,2.330993175506592,0.4327113628387451,0.04560157656669617,0.045601580291986465,0.9850000143051147,8382.1123046875,0.419105615234375,1.0067474842071533,33.966758728027344,7.630415916442871,0.4547039270401001
24,149,0.03549538180232048,0.04063647240400314,0.9899164438247681,2876.0,2876.0,50.0,0.8886061906814575,34.0484733581543,7.638926982879639,0.45863741636276245,0.007305597420781851,0.0053297425620257854,0.9980666041374207,2586.0,2586.0,50.0,0.21868310868740082,35.37767028808594,8.73088550567627,0.4600523114204407,0.11690741032361984,0.10995041579008102,0.963718831539154,882.0,882.0,50.0,3.0277485847473145,29.711994171142578,4.39040994644165,0.42789655923843384,0.7152619361877441,0.5459165573120117,0.714285671710968,56.0,56.0,35.0,11.00293254852295,22.84300994873047,2.4081881046295166,0.43350908160209656,0.041272494941949844,0.04127249866724014,0.9871875047683716,8382.0322265625,0.419101611328125,1.0012162923812866,33.88988494873047,7.586690902709961,0.4547528028488159
24,199,0.04039289057254791,0.043902650475502014,0.9873051047325134,2757.0,2757.0,50.0,0.9025849103927612,34.23006057739258,7.742397308349609,0.4597277343273163,0.009483139961957932,0.011188702657818794,0.9977028369903564,2612.0,2612.0,50.0,0.27482104301452637,35.30910873413086,8.824420928955078,0.4603213667869568,0.13851448893547058,0.11000007390975952,0.951194167137146,963.0,963.0,50.0,3.3068270683288574,29.55341911315918,4.2985405921936035,0.42708244919776917,0.5224370956420898,0.6038071513175964,0.7647059559822083,68.0,68.0,35.0,10.376672744750977,21.344993591308594,2.380117416381836,0.43821847438812256,0.04766380786895752,0.04766380041837692,0.9837499856948853,8381.9541015625,0.419097705078125,1.1088042259216309,33.829856872558594,7.608831405639648,0.4548293948173523
24,249,0.04973640665411949,0.04340749606490135,0.982602596282959,2874.0,2874.0,50.0,1.1145802736282349,33.920475006103516,7.472641468048096,0.4596967399120331,0.009289237670600414,0.012865601107478142,0.9981088638305664,2644.0,2644.0,50.0,0.26245954632759094,35.2073860168457,8.626299858093262,0.45914843678474426,0.11266157776117325,0.10924577713012695,0.9614457488059998,830.0,830.0,50.0,2.8204116821289062,30.293861389160156,4.564839839935303,0.42622944712638855,0.602590799331665,0.5670042037963867,0.7115384936332703,52.0,52.0,32.0,10.341896057128906,21.521541595458984,2.403034210205078,0.42791688442230225,0.04567921534180641,0.04567921906709671,0.9840624332427979,8381.8720703125,0.419093603515625,1.0587447881698608,33.88106155395508,7.530950546264648,0.4548717439174652
24,299,0.03739680349826813,0.03579411283135414,0.9872264266014099,2740.0,2740.0,50.0,0.8915289044380188,34.1793212890625,7.712007522583008,0.459730327129364,0.008192047476768494,0.007761640474200249,0.9988970756530762,2720.0,2720.0,50.0,0.2342279851436615,35.23678207397461,8.708353042602539,0.45877158641815186,0.12511594593524933,0.08579510450363159,0.9540875554084778,893.0,893.0,50.0,3.15493106842041,29.77947425842285,4.434615135192871,0.4281154274940491,0.49956586956977844,0.5090799927711487,0.8297871947288513,47.0,47.0,31.0,9.275827407836914,22.155071258544922,2.373554229736328,0.4364832043647766,0.040618397295475006,0.040618397295475006,0.9864063858985901,8381.7958984375,0.41908979492187504,0.989563524723053,33.92652130126953,7.638951301574707,0.45474088191986084
24,349,0.03967679291963577,0.044783610850572586,0.9851610064506531,2763.0,2763.0,50.0,0.921000599861145,34.15736389160156,7.6709065437316895,0.45946234464645386,0.008870452642440796,0.007100546732544899,0.9973938465118408,2686.0,2686.0,50.0,0.2472945898771286,35.318599700927734,8.78425121307373,0.4600200057029724,0.150082528591156,0.16798892617225647,0.9543935656547546,899.0,899.0,50.0,3.139653444290161,30.2128963470459,4.506420612335205,0.42670735716819763,0.4917905926704407,0.4342443645000458,0.7884615659713745,52.0,52.0,36.0,9.444677352905273,21.802492141723633,2.4885551929473877,0.42990291118621826,0.04592973366379738,0.04592973366379738,0.9843748807907104,8381.7158203125,0.41908579101562504,1.0191608667373657,33.99026107788086,7.651545524597168,0.45485517382621765
24,399,0.04069855809211731,0.05293605104088783,0.9870036244392395,2770.0,2770.0,50.0,0.957392156124115,34.05890655517578,7.607738494873047,0.45931175351142883,0.007739211432635784,0.007274432107806206,0.9988648295402527,2643.0,2643.0,50.0,0.20665141940116882,35.439395904541016,8.961559295654297,0.4606935679912567,0.12987273931503296,0.09049881249666214,0.9582887887954712,935.0,935.0,50.0,3.0363500118255615,29.921401977539062,4.5510969161987305,0.4250824451446533,0.48687130212783813,0.6032704710960388,0.7499999403953552,52.0,52.0,31.0,9.420103073120117,23.804975509643555,2.359820604324341,0.440631628036499,0.04374030977487564,0.043740324676036835,0.9857812523841858,8381.63671875,0.41908183593750004,1.0198420286178589,33.94123077392578,7.677628517150879,0.45472994446754456
24,449,0.040261004120111465,0.04387900233268738,0.9864576458930969,2806.0,2806.0,50.0,0.9191587567329407,34.07040023803711,7.624112606048584,0.45855265855789185,0.006838225293904543,0.007667134515941143,0.9996221661567688,2647.0,2647.0,50.0,0.21022070944309235,35.31989669799805,8.875465393066406,0.45975786447525024,0.12091655284166336,0.11131376028060913,0.9592062830924988,907.0,907.0,50.0,2.9162240028381348,30.359107971191406,4.6569390296936035,0.42902275919914246,0.47121861577033997,0.4788956046104431,0.7750000953674316,40.0,40.0,26.0,9.426362037658691,20.193822860717773,2.3171887397766113,0.42379671335220337,0.04056144505739212,0.04056143760681152,0.9867187142372131,8381.5576171875,0.41907788085937503,0.9621379971504211,33.97449493408203,7.687991619110107,0.4546489715576172
24,499,0.048238374292850494,0.03966458514332771,0.9837837815284729,2775.0,2775.0,50.0,1.0902146100997925,33.8706169128418,7.476347923278809,0.4588623344898224,0.007020959630608559,0.0073088728822767735,0.9988751411437988,2667.0,2667.0,50.0,0.20244528353214264,35.4192008972168,8.905243873596191,0.4601702094078064,0.1427156776189804,0.1161535456776619,0.9461279511451721,891.0,891.0,50.0,3.3335378170013428,29.665302276611328,4.496971607208252,0.42605891823768616,0.6163262724876404,0.44120800495147705,0.7313433289527893,67.0,67.0,36.0,10.25223159790039,22.404705047607422,2.535773277282715,0.4389072358608246,0.05016247555613518,0.05016248673200607,0.9821875095367432,8381.478515625,0.41907392578125,1.128491997718811,33.810447692871094,7.605289459228516,0.45463159680366516
24,549,0.03895654156804085,0.03734491765499115,0.9872385859489441,2821.0,2821.0,50.0,0.9458087682723999,34.016075134277344,7.669156551361084,0.4592481553554535,0.008977039717137814,0.012082243338227272,0.9980827569961548,2608.0,2608.0,50.0,0.2549664378166199,35.25939178466797,8.914076805114746,0.45941099524497986,0.1181839257478714,0.10617261379957199,0.9615805745124817,911.0,911.0,50.0,2.8912642002105713,30.239622116088867,4.519067287445068,0.42823776602745056,0.6852598786354065,0.5544866323471069,0.7000001668930054,60.0,60.0,28.0,11.76900577545166,21.5412540435791,2.5399184226989746,0.43801018595695496,0.04407650977373123,0.04407650977373123,0.9853124618530273,8381.3984375,0.41906992187500003,1.0426814556121826,33.868221282958984,7.67997932434082,0.4547012448310852
24,599,0.045821934938430786,0.04020122066140175,0.9857550263404846,2808.0,2808.0,50.0,1.0097839832305908,33.87973403930664,7.60449743270874,0.4578385055065155,0.006926063448190689,0.007554647047072649,0.9988601207733154,2632.0,2632.0,50.0,0.2104521542787552,35.40326690673828,8.914281845092773,0.46093815565109253,0.12419918924570084,0.10929493606090546,0.9564732313156128,896.0,896.0,50.0,3.0490479469299316,29.882570266723633,4.536357402801514,0.42748838663101196,0.4441837966442108,0.6268238425254822,0.828125,64.0,64.0,36.0,8.072489738464355,24.264022827148438,2.7826781272888184,0.44780582189559937,0.044782448559999466,0.04478244110941887,0.9854687452316284,8381.3203125,0.419066015625,1.0371828079223633,33.850528717041016,7.665388584136963,0.45476388931274414
24,649,0.04697669297456741,0.042181264609098434,0.9836995601654053,2822.0,2822.0,50.0,1.073086142539978,33.99382400512695,7.731672763824463,0.4598848223686218,0.007016525603830814,0.00625632843002677,0.9980754256248474,2598.0,2598.0,50.0,0.2109166979789734,35.329769134521484,8.966493606567383,0.45975831151008606,0.12211278825998306,0.1221357136964798,0.9602149724960327,930.0,930.0,50.0,3.0042126178741455,29.83510971069336,4.571276664733887,0.42561888694763184,0.5669534802436829,0.8733524084091187,0.7800000309944153,50.0,50.0,30.0,9.47100830078125,24.83893585205078,2.7837977409362793,0.44133666157722473,0.04573589563369751,0.04573589563369751,0.9845311641693115,8381.2412109375,0.419062060546875,1.0693248510360718,33.86029815673828,7.735032081604004,0.4547092914581299
24,699,0.03901927173137665,0.03055056370794773,0.9869946241378784,2845.0,2845.0,50.0,0.8878006935119629,34.23892593383789,7.777099609375,0.4602406322956085,0.010367080569267273,0.010556432418525219,0.9973003268241882,2593.0,2593.0,50.0,0.27726632356643677,35.20785140991211,8.882389068603516,0.4591526985168457,0.13280217349529266,0.1132291629910469,0.9484084248542786,911.0,911.0,50.0,3.228757619857788,29.71543312072754,4.450657367706299,0.4263666868209839,0.7831363677978516,1.109817385673523,0.6666668057441711,51.0,51.0,33.0,12.407903671264648,22.293508529663086,2.426487445831299,0.4382566511631012,0.046689752489328384,0.046689752489328384,0.9831249713897705,8381.1591796875,0.41905795898437503,1.0654603242874146,33.89241027832031,7.708778381347656,0.454802930355072
24,749,0.04008154198527336,0.03335370868444443,0.9863494038581848,2857.0,2857.0,50.0,0.9836032390594482,33.985694885253906,7.664175987243652,0.45964866876602173,0.008993040770292282,0.009038177318871021,0.998094379901886,2624.0,2624.0,50.0,0.2538883686065674,35.247554779052734,8.813764572143555,0.45960941910743713,0.1370367854833603,0.12396979331970215,0.9498834013938904,858.0,858.0,50.0,3.072535753250122,30.208580017089844,4.664585590362549,0.42597949504852295,0.5782962441444397,0.6705223917961121,0.7377049326896667,61.0,61.0,31.0,10.832093238830566,21.68070411682129,2.388580799102783,0.4366331696510315,0.045463185757398605,0.04546317458152771,0.9839062690734863,8381.080078125,0.41905400390625,1.0583360195159912,33.8794059753418,7.683091163635254,0.4548994302749634
24,799,0.03953075781464577,0.0578935407102108,0.9868470430374146,2813.0,2813.0,50.0,0.927747905254364,34.15888214111328,7.752529144287109,0.4607648253440857,0.0063426136039197445,0.005175704602152109,0.9988462328910828,2600.0,2600.0,50.0,0.1690904051065445,35.447914123535156,8.941630363464355,0.459821492433548,0.13386783003807068,0.1041485071182251,0.9524325132369995,925.0,925.0,50.0,3.015254020690918,29.979238510131836,4.640895366668701,0.42329588532447815,0.6164659261703491,0.5186427235603333,0.774193525314331,62.0,62.0,36.0,9.199995994567871,24.96807861328125,2.762409210205078,0.4361591339111328,0.04527178779244423,0.04527178779244423,0.9846876263618469,8381.001953125,0.41905009765625,1.0013905763626099,33.98942565917969,7.737531661987305,0.45472776889801025
24,849,0.039923008531332016,0.04470984637737274,0.9877699017524719,2780.0,2780.0,50.0,0.9541031122207642,34.087547302246094,7.808391571044922,0.4603593945503235,0.007951812818646431,0.009945163503289223,0.9984922409057617,2653.0,2653.0,50.0,0.2303415983915329,35.23222732543945,8.770037651062012,0.4591171145439148,0.11357776075601578,0.12100569903850555,0.9622220993041992,900.0,900.0,50.0,2.7908310890197754,30.41620445251465,4.719426155090332,0.42645999789237976,0.546000599861145,0.6926310658454895,0.8059701323509216,67.0,67.0,35.0,9.443460464477539,22.654380798339844,2.5494227409362793,0.4257124662399292,0.04232564941048622,0.04232564941048622,0.9867187738418579,8380.923828125,0.41904619140625005,1.0012441873550415,33.92607879638672,7.717582702636719,0.4547146260738373
24,899,0.03763216361403465,0.03550175949931145,0.9867050647735596,2783.0,2783.0,50.0,0.8892091512680054,34.379051208496094,7.8150739669799805,0.4618455469608307,0.009939548559486866,0.0071545857936143875,0.9973545670509338,2646.0,2646.0,50.0,0.2761731743812561,35.01927185058594,8.76003360748291,0.45716026425361633,0.14029380679130554,0.13743813335895538,0.9479392170906067,922.0,922.0,50.0,3.283684730529785,29.665634155273438,4.453174114227295,0.42813992500305176,0.598265528678894,0.6605075597763062,0.7755101323127747,49.0,49.0,33.0,9.42880916595459,23.12466812133789,2.580779552459717,0.42575231194496155,0.045265037566423416,0.045265041291713715,0.9839062690734863,8380.84375,0.4190421875,1.0460925102233887,33.87854766845703,7.681357383728027,0.454776406288147
24,949,0.03883124142885208,0.04472475126385689,0.9858104586601257,2819.0,2819.0,50.0,0.9659997820854187,34.05727767944336,7.709897994995117,0.459622323513031,0.008649731054902077,0.008909670636057854,0.9980835318565369,2609.0,2609.0,50.0,0.2520556151866913,35.28101348876953,8.887269020080566,0.45938679575920105,0.12298819422721863,0.10651963949203491,0.9553377628326416,918.0,918.0,50.0,2.8871090412139893,30.439899444580078,4.734766006469727,0.42722636461257935,0.6253993511199951,0.5257979035377502,0.6851851940155029,54.0,54.0,35.0,11.169487953186035,21.55870819091797,2.412665843963623,0.44186872243881226,0.043547991663217545,0.043547991663217545,0.9839062094688416,8380.763671875,0.41903818359375,1.036607027053833,33.93181610107422,7.718420028686523,0.45472973585128784
24,999,0.03919520974159241,0.03630642965435982,0.9830036759376526,2883.0,2883.0,50.0,0.9980850219726562,33.90493392944336,7.680064678192139,0.45921406149864197,0.008868834003806114,0.00391807546839118,0.9969489574432373,2622.0,2622.0,50.0,0.24219518899917603,35.18778610229492,8.844301223754883,0.4584517180919647,0.10568857938051224,0.09618833661079407,0.9656399488449097,844.0,844.0,50.0,2.589404344558716,30.79078483581543,4.6981096267700195,0.43017685413360596,0.77949458360672,0.625026285648346,0.6666666865348816,51.0,51.0,34.0,11.897956848144531,20.554065704345703,2.556642770767212,0.42200785875320435,0.04143894091248512,0.04143894463777542,0.9839062690734863,8380.68359375,0.4190341796875,0.9851199984550476,33.91343307495117,7.722965240478516,0.45477598905563354
24,1049,0.03301705792546272,0.032587770372629166,0.9911031723022461,2810.0,2810.0,50.0,0.8254005908966064,34.01490020751953,7.73298978805542,0.45776447653770447,0.005787649191915989,0.006040517706423998,0.9992431998252869,2643.0,2643.0,50.0,0.1801186352968216,35.341732025146484,8.971216201782227,0.4593653380870819,0.15259480476379395,0.14476293325424194,0.9481807351112366,907.0,907.0,50.0,3.336454391479492,30.2549991607666,4.611231327056885,0.4336322546005249,0.5683913230895996,0.5163107514381409,0.7250000834465027,40.0,40.0,27.0,10.44344711303711,21.506744384765625,2.3810434341430664,0.43541964888572693,0.04206467047333717,0.04206466302275658,0.9867187738418579,8380.603515625,0.41903017578125,0.9748955368995667,33.95181655883789,7.768477439880371,0.4548659324645996
24,1099,0.04169471934437752,0.04622168838977814,0.9851539134979248,2829.0,2829.0,50.0,0.9348046183586121,34.19650650024414,7.797257423400879,0.4602745473384857,0.007399949245154858,0.008733704686164856,0.9984673261642456,2610.0,2610.0,50.0,0.21599994599819183,35.17290496826172,8.90123176574707,0.4583171010017395,0.13207650184631348,0.14678329229354858,0.9498365521430969,917.0,917.0,50.0,3.123304605484009,30.248003005981445,4.67618465423584,0.42843422293663025,0.5508608222007751,0.5985114574432373,0.8181819319725037,44.0,44.0,31.0,9.292069435119629,23.70299530029297,2.5925254821777344,0.44825267791748047,0.044159404933452606,0.0441594123840332,0.9843750596046448,8380.5244140625,0.419026220703125,1.0126943588256836,33.95680236816406,7.764498710632324,0.4548315107822418
24,1149,0.04075174033641815,0.02675837092101574,0.9866954684257507,2781.0,2781.0,50.0,0.9141305685043335,34.146419525146484,7.783698558807373,0.45940956473350525,0.006923579145222902,0.006952841766178608,0.998494565486908,2657.0,2657.0,50.0,0.20980310440063477,35.18466567993164,8.913025856018066,0.4582471549510956,0.12609229981899261,0.14214296638965607,0.9534369111061096,902.0,902.0,50.0,3.015338897705078,30.32712173461914,4.5981125831604,0.4310232996940613,0.5691195130348206,0.7239559888839722,0.800000011920929,60.0,60.0,38.0,9.967780113220215,24.468076705932617,2.7322871685028076,0.44618144631385803,0.04368889331817627,0.043688900768756866,0.9851562976837158,8380.4453125,0.419022265625,1.0027416944503784,33.94843673706055,7.75622034072876,0.4548022747039795
24,1199,0.04676050320267677,0.05099489912390709,0.9819850921630859,2831.0,2831.0,50.0,1.0544750690460205,33.85801315307617,7.580167770385742,0.4587761461734772,0.008134905248880386,0.007506519556045532,0.9969627857208252,2634.0,2634.0,50.0,0.21244674921035767,35.356964111328125,8.955066680908203,0.45964738726615906,0.10772619396448135,0.0768544152379036,0.9652855396270752,893.0,893.0,50.0,2.5277106761932373,30.921770095825195,4.74080228805542,0.42776909470558167,0.4103211462497711,0.41602563858032227,0.8571428060531616,42.0,42.0,27.0,8.70030403137207,23.54343032836914,2.4112443923950195,0.45310789346694946,0.041756149381399155,0.04175614193081856,0.9850000143051147,8380.3662109375,0.419018310546875,0.9636659622192383,33.997535705566406,7.715923309326172,0.4547710418701172
24,1249,0.0429326556622982,0.0340270921587944,0.984171450138092,2843.0,2843.0,50.0,0.9231991767883301,34.18501281738281,7.739171028137207,0.4599248766899109,0.005262480117380619,0.00512216379866004,0.9996157288551331,2603.0,2603.0,50.0,0.16591566801071167,35.19488525390625,8.982799530029297,0.4577416777610779,0.13590720295906067,0.14098738133907318,0.9488891363143921,900.0,900.0,50.0,3.3745181560516357,29.597089767456055,4.292252063751221,0.4308500587940216,0.4289645552635193,0.3503396809101105,0.777777910232544,54.0,54.0,33.0,9.288207054138184,21.52798080444336,2.4202919006347656,0.441443532705307,0.04394318163394928,0.04394318163394928,0.9837499260902405,8380.2880859375,0.41901440429687503,1.0304943323135376,33.84377670288086,7.715377330780029,0.4547923803329468
24,1271,0.036428604274988174,0.0331108495593071,0.9873204231262207,1183.0,1183.0,22.0,0.8768948316574097,34.0692253112793,7.787140846252441,0.45863768458366394,0.011806320399045944,0.009793244302272797,0.9957555532455444,1178.0,1178.0,22.0,0.3035248816013336,35.2417106628418,8.878668785095215,0.45995134115219116,0.08539580553770065,0.08516453206539154,0.9789472818374634,380.0,380.0,22.0,2.3562209606170654,30.754493713378906,4.684217929840088,0.42817604541778564,0.5251768231391907,0.3075859248638153,0.8620689511299133,29.0,29.0,19.0,8.237239837646484,22.88430404663086,2.606628894805908,0.42977675795555115,0.03756845369935036,0.03779184818267822,0.9884476661682129,8380.25390625,0.4190126953125,0.9130551218986511,33.99602127075195,7.771427631378174,0.4547153115272522
25,49,0.0331202931702137,0.031499575823545456,0.9902029037475586,2858.0,2858.0,50.0,0.819135308265686,34.27528762817383,7.788631916046143,0.46023043990135193,0.005489789415150881,0.005324335768818855,1.0,2577.0,2577.0,50.0,0.1728430539369583,35.311038970947266,9.070352554321289,0.45944181084632874,0.1309410184621811,0.14506860077381134,0.9428570866584778,910.0,910.0,50.0,3.0036633014678955,30.187545776367188,4.683446884155273,0.4250255823135376,0.5845820903778076,0.8509887456893921,0.709091067314148,55.0,55.0,33.0,9.867511749267578,22.910930633544922,2.7690749168395996,0.4382028877735138,0.040642715990543365,0.04064270853996277,0.98499995470047,8380.173828125,0.41900869140625,0.9472737908363342,34.013450622558594,7.820069789886475,0.4547179043292999
25,99,0.03686720132827759,0.03915596753358841,0.9894662499427795,2848.0,2848.0,50.0,0.8575557470321655,34.04319763183594,7.826787948608398,0.4587511420249939,0.007186631206423044,0.0064962925389409065,0.9976443648338318,2547.0,2547.0,50.0,0.20684900879859924,35.3534049987793,9.101694107055664,0.4603100121021271,0.10679825395345688,0.10419698059558868,0.9611750841140747,953.0,953.0,50.0,2.6630539894104004,30.488813400268555,4.674447536468506,0.42838677763938904,0.393703430891037,0.385513573884964,0.7692307829856873,52.0,52.0,32.0,9.421061515808105,20.60463523864746,2.5800974369049072,0.4420996904373169,0.03836772218346596,0.038367725908756256,0.9867187142372131,8380.0927734375,0.41900463867187504,0.9370232820510864,33.9261589050293,7.8221282958984375,0.4547147750854492
25,149,0.03761940822005272,0.03405269980430603,0.9885878562927246,2804.0,2804.0,50.0,0.9432112574577332,33.82882308959961,7.6748948097229,0.45810824632644653,0.005790741648525,0.006094829645007849,0.9996258616447449,2673.0,2673.0,50.0,0.19093461334705353,35.31558609008789,8.934101104736328,0.4599618911743164,0.09772620350122452,0.11687462031841278,0.9749429821968079,878.0,878.0,50.0,2.5273256301879883,30.73220443725586,4.812582969665527,0.4288301169872284,0.24278047680854797,0.1794738918542862,0.8888888955116272,45.0,45.0,29.0,5.882213592529297,26.18173599243164,2.9889917373657227,0.44314131140708923,0.03401441127061844,0.03401440382003784,0.9906250834465027,8380.0146484375,0.419000732421875,0.8810663223266602,33.97119140625,7.77518892288208,0.4547606110572815
25,199,0.03939012065529823,0.0351482629776001,0.9900675415992737,2819.0,2819.0,50.0,0.8604676127433777,34.12043762207031,7.737332344055176,0.4591880142688751,0.007223088294267654,0.0070652165450155735,0.9988709092140198,2657.0,2657.0,50.0,0.21716608107089996,35.17947006225586,9.043251037597656,0.4585672914981842,0.10485344380140305,0.11430197209119797,0.9638272523880005,857.0,857.0,50.0,2.7523345947265625,30.25128173828125,4.6676025390625,0.42867523431777954,0.480025053024292,0.4283689856529236,0.7611939907073975,67.0,67.0,35.0,9.304412841796875,22.965890884399414,2.560798168182373,0.44143936038017273,0.03941462188959122,0.03941462188959122,0.9878125190734863,8379.935546875,0.41899677734375,0.935127317905426,33.92522430419922,7.814244747161865,0.4546586573123932
25,49,0.03350745514035225,0.03266562521457672,0.9918642640113831,2827.0,2827.0,50.0,0.8149760961532593,34.23585891723633,7.923041343688965,0.4605632722377777,0.006661116145551205,0.0066258604638278484,0.9992238879203796,2577.0,2577.0,50.0,0.20725476741790771,35.2529182434082,9.033010482788086,0.4590524435043335,0.09646762162446976,0.09685670584440231,0.9797440767288208,938.0,938.0,50.0,2.6077325344085693,30.247243881225586,4.613776683807373,0.4276464283466339,0.4344920516014099,0.38910847902297974,0.7931035161018372,58.0,58.0,34.0,9.055597305297852,21.998859405517578,2.293593168258667,0.43812698125839233,0.03555912896990776,0.03555913269519806,0.9912500381469727,8380.1884765625,0.419009423828125,0.9077048301696777,33.94990539550781,7.833946228027344,0.4549272060394287
25,99,0.03845066577196121,0.033511724323034286,0.9869580864906311,2837.0,2837.0,50.0,0.9255695343017578,34.037479400634766,7.781704425811768,0.4593214988708496,0.007537479046732187,0.0070358882658183575,0.9992366433143616,2620.0,2620.0,50.0,0.22508208453655243,35.18510055541992,8.949105262756348,0.4586094915866852,0.10694091022014618,0.08706236630678177,0.9685746431350708,891.0,891.0,50.0,2.703831911087036,30.428499221801758,4.493006229400635,0.4298970103263855,0.4937342405319214,0.5330128073692322,0.788461446762085,52.0,52.0,35.0,9.33834457397461,21.802658081054688,2.54666805267334,0.4364074468612671,0.03902987763285637,0.039029888808727264,0.9878125190734863,8380.107421875,0.41900537109375,0.9547287225723267,33.90544128417969,7.759226322174072,0.45474740862846375
25,149,0.03050873801112175,0.03131582960486412,0.9913977980613708,2790.0,2790.0,50.0,0.7742493748664856,34.238712310791016,7.873189449310303,0.460033655166626,0.00618324987590313,0.0069339098408818245,0.9984949827194214,2658.0,2658.0,50.0,0.17710405588150024,35.2424430847168,8.98281192779541,0.4582514762878418,0.10668791085481644,0.09048257768154144,0.9710788726806641,899.0,899.0,50.0,2.5385007858276367,31.011341094970703,4.735926151275635,0.42998844385147095,0.47607117891311646,0.45590609312057495,0.8301886320114136,53.0,53.0,33.0,8.17831802368164,23.706876754760742,2.8479793071746826,0.43294474482536316,0.034796666353940964,0.034796662628650665,0.9901561737060547,8380.03125,0.41900156250000004,0.8353845477104187,34.115013122558594,7.851727485656738,0.4548487663269043
25,199,0.03675437718629837,0.03402075543999672,0.9877105355262756,2848.0,2848.0,50.0,0.8637732267379761,34.1202392578125,7.77507209777832,0.4587657153606415,0.008664692752063274,0.008131581358611584,0.9981002807617188,2632.0,2632.0,50.0,0.24204593896865845,35.13490676879883,8.990118026733398,0.45831769704818726,0.10808668285608292,0.10883782804012299,0.9630910754203796,867.0,867.0,50.0,2.7804577350616455,30.731416702270508,4.777943134307861,0.4327344596385956,0.5061967372894287,0.4608459770679474,0.698113203048706,53.0,53.0,33.0,10.464960098266602,20.006044387817383,2.447144031524658,0.4345077872276306,0.03875336796045303,0.038753360509872437,0.9862499237060547,8379.951171875,0.41899755859375004,0.9472485780715942,33.9615592956543,7.824620246887207,0.45485416054725647
25,249,0.033654190599918365,0.030795786529779434,0.9877567291259766,2777.0,2777.0,50.0,0.8162940144538879,34.12530517578125,7.8044233322143555,0.4584532380104065,0.004962378181517124,0.005309015978127718,1.0,2666.0,2666.0,50.0,0.16034385561943054,35.33285140991211,9.119182586669922,0.4593655467033386,0.11370422691106796,0.0993831530213356,0.9611110091209412,900.0,900.0,50.0,2.7853167057037354,30.497344970703125,4.838090419769287,0.4282743036746979,0.4946346879005432,0.4374611973762512,0.8421052694320679,57.0,57.0,36.0,9.031791687011719,23.930940628051758,2.497680425643921,0.450369656085968,0.03706490620970726,0.03706490248441696,0.9878125190734863,8379.87109375,0.41899355468750005,0.8931128978729248,34.027347564697266,7.887698650360107,0.4545173645019531
25,299,0.04735766723752022,0.04648718610405922,0.9825388789176941,2749.0,2749.0,50.0,0.9712471961975098,34.12246322631836,7.810771942138672,0.45883867144584656,0.008233492262661457,0.00971981231123209,0.9981216788291931,2662.0,2662.0,50.0,0.22301600873470306,35.288455963134766,9.079509735107422,0.4595254361629486,0.11272885650396347,0.09023965150117874,0.958333432674408,936.0,936.0,50.0,2.7678897380828857,30.608076095581055,4.628662109375,0.42979562282562256,0.5628525018692017,0.5705122351646423,0.7924528121948242,53.0,53.0,33.0,9.71995735168457,22.285869598388672,2.613588333129883,0.4248485565185547,0.04491390660405159,0.04491393268108368,0.9839061498641968,8379.79296875,0.41898964843750003,0.9952390193939209,33.99544143676758,7.83006477355957,0.45459532737731934
25,349,0.0405561663210392,0.03545761480927467,0.9847894906997681,2827.0,2827.0,50.0,0.9419148564338684,34.12684631347656,7.804086208343506,0.4594385325908661,0.00811338983476162,0.008157787844538689,0.9977124929428101,2623.0,2623.0,50.0,0.2325960397720337,35.14430236816406,9.005114555358887,0.4583829343318939,0.12243929505348206,0.10784917324781418,0.9543939232826233,899.0,899.0,50.0,3.0662806034088135,29.811769485473633,4.592487812042236,0.4291674792766571,0.47686055302619934,0.43572843074798584,0.7843137383460999,51.0,51.0,30.0,9.20271110534668,23.38559341430664,2.5961458683013916,0.43564876914024353,0.042238518595695496,0.042238518595695496,0.9842187166213989,8379.7109375,0.418985546875,1.0154402256011963,33.852115631103516,7.803689956665039,0.4545642137527466
25,399,0.03983019292354584,0.04274033010005951,0.9858907461166382,2835.0,2835.0,50.0,0.8515061140060425,34.25719451904297,7.820001125335693,0.4595833122730255,0.005919475574046373,0.005871044471859932,0.9992431402206421,2643.0,2643.0,50.0,0.17887599766254425,35.207969665527344,8.991620063781738,0.4583423137664795,0.0996137335896492,0.09040853381156921,0.9677791595458984,869.0,869.0,50.0,2.5500221252441406,30.598318099975586,4.702991485595703,0.42827293276786804,0.5842497944831848,0.6585866212844849,0.7358490824699402,53.0,53.0,35.0,10.738356590270996,22.697423934936523,2.717831611633301,0.43859970569610596,0.038452085107564926,0.038452088832855225,0.9868749976158142,8379.6328125,0.41898164062500004,0.8862329721450806,34.05729675292969,7.838359355926514,0.45464569330215454
25,449,0.03320031240582466,0.030061712488532066,0.988380491733551,2840.0,2840.0,50.0,0.858470618724823,34.134918212890625,7.890691757202148,0.46045780181884766,0.008530011400580406,0.005934740416705608,0.997719407081604,2631.0,2631.0,50.0,0.2387503683567047,35.078834533691406,8.971832275390625,0.4573589861392975,0.11049876362085342,0.12022809684276581,0.9601370692253113,878.0,878.0,50.0,2.832052230834961,30.306196212768555,4.588758945465088,0.42953288555145264,0.6912001967430115,0.8757706880569458,0.7058824300765991,51.0,51.0,31.0,11.720792770385742,19.197071075439453,2.3113296031951904,0.4215794801712036,0.03890632465481758,0.03890632465481758,0.9860938191413879,8379.5537109375,0.41897768554687503,0.961017370223999,33.878665924072266,7.8376970291137695,0.4546315670013428
25,499,0.03432367742061615,0.033287376165390015,0.99027019739151,2775.0,2775.0,50.0,0.8315426707267761,34.26518249511719,7.876755714416504,0.46020442247390747,0.006731738336384296,0.007098598871380091,0.9996278882026672,2687.0,2687.0,50.0,0.21442915499210358,35.12468338012695,8.951876640319824,0.4575401842594147,0.11486096680164337,0.10126040875911713,0.9659479260444641,881.0,881.0,50.0,2.8127357959747314,30.34693145751953,4.725496768951416,0.42914989590644836,0.5049790143966675,0.34063753485679626,0.8070175647735596,57.0,57.0,31.0,8.52032470703125,24.58373260498047,2.6287734508514404,0.4343413710594177,0.03801760822534561,0.03801760822534561,0.9892187118530273,8379.4755859375,0.418973779296875,0.9136533141136169,34.00044250488281,7.84760856628418,0.4545806646347046
25,549,0.03604934364557266,0.029895581305027008,0.9879645705223083,2825.0,2825.0,50.0,0.8534083962440491,34.07076644897461,7.803327560424805,0.4591067135334015,0.006289674434810877,0.006303488742560148,0.9988656640052795,2645.0,2645.0,50.0,0.19208924472332,35.16462326049805,9.012986183166504,0.45787033438682556,0.12919625639915466,0.1545257717370987,0.9525425434112549,885.0,885.0,50.0,3.016796350479126,30.496959686279297,4.6156086921691895,0.4314422905445099,0.48990267515182495,0.4928515553474426,0.8222222924232483,45.0,45.0,28.0,8.41274356842041,25.134647369384766,2.711097478866577,0.4366053342819214,0.03982185944914818,0.03982185944914818,0.9864063262939453,8379.3974609375,0.418969873046875,0.9324051141738892,33.96581268310547,7.826650619506836,0.4546120762825012
25,599,0.03480913117527962,0.035579338669776917,0.986434817314148,2875.0,2875.0,50.0,0.8977657556533813,34.068946838378906,7.839780807495117,0.4597775340080261,0.0068741003051400185,0.0064115640707314014,0.9988381266593933,2582.0,2582.0,50.0,0.20741070806980133,35.06104278564453,9.079237937927246,0.45723170042037964,0.09279284626245499,0.07562237977981567,0.9719099998474121,890.0,890.0,50.0,2.373067617416382,31.054216384887695,4.833147048950195,0.43094804883003235,0.5782096982002258,0.44010376930236816,0.7547169923782349,53.0,53.0,33.0,8.805770874023438,24.78610610961914,2.870889663696289,0.43435171246528625,0.03610248863697052,0.03610248491168022,0.9874999523162842,8379.31640625,0.4189658203125,0.8898980021476746,33.973087310791016,7.880565643310547,0.4545307755470276
25,649,0.02902909368276596,0.02714887447655201,0.990199625492096,2857.0,2857.0,50.0,0.757806122303009,34.2525520324707,7.944831371307373,0.4592863917350769,0.005918917711824179,0.0056132967583835125,0.9996139407157898,2589.0,2589.0,50.0,0.18470948934555054,34.99235153198242,9.085500717163086,0.4556386470794678,0.10520302504301071,0.09292471408843994,0.9688887596130371,900.0,900.0,50.0,2.6699438095092773,31.17195701599121,4.694886207580566,0.4376653730869293,0.5067428350448608,0.4499955475330353,0.7777777910232544,54.0,54.0,29.0,9.666402816772461,21.44938087463379,2.4597322940826416,0.44001761078834534,0.03442297503352165,0.034422971308231354,0.9892188310623169,8379.240234375,0.41896201171875,0.8700312376022339,34.010589599609375,7.902963638305664,0.4546077251434326
25,699,0.030043987557291985,0.03087826631963253,0.9911566972732544,2827.0,2827.0,50.0,0.7908725738525391,34.155181884765625,7.94308614730835,0.4595962166786194,0.007150162942707539,0.01076833438128233,0.9977194666862488,2631.0,2631.0,50.0,0.19899852573871613,35.05805206298828,9.070313453674316,0.4557781219482422,0.10988453030586243,0.0910935252904892,0.965207576751709,891.0,891.0,50.0,2.6901793479919434,31.121633529663086,4.790498733520508,0.4363879859447479,0.42230933904647827,0.4478445053100586,0.8431371450424194,51.0,51.0,29.0,8.48263931274414,23.227245330810547,2.6505587100982666,0.44608980417251587,0.03487364947795868,0.03487364202737808,0.9890624284744263,8379.1611328125,0.418958056640625,0.8732697367668152,34.016937255859375,7.925408363342285,0.4546879529953003
25,749,0.03618558123707771,0.04292075335979462,0.9874685406684875,2793.0,2793.0,50.0,0.8779093623161316,34.164215087890625,7.889553546905518,0.4598565101623535,0.00842067040503025,0.0092440415173769,0.9984871745109558,2644.0,2644.0,50.0,0.22296041250228882,35.07623291015625,9.150094985961914,0.4568691849708557,0.10303246974945068,0.13084304332733154,0.9631286859512329,895.0,895.0,50.0,2.526867628097534,31.204086303710938,4.96360445022583,0.4330304265022278,0.5431270599365234,0.5099841952323914,0.7794118523597717,68.0,68.0,37.0,9.31078815460205,23.601228713989258,2.707606077194214,0.4439319372177124,0.03944958373904228,0.039449576288461685,0.9864062070846558,8379.0810546875,0.418954052734375,0.9275294542312622,34.01480484008789,7.946081161499023,0.4547017216682434
25,799,0.029255110770463943,0.037158045917749405,0.9903572201728821,2800.0,2800.0,50.0,0.7497632503509521,34.04471206665039,7.92743444442749,0.45737576484680176,0.006284378003329039,0.006815258413553238,0.9996181726455688,2618.0,2618.0,50.0,0.19415126740932465,35.195335388183594,9.251958847045898,0.458092600107193,0.10116949677467346,0.08807168155908585,0.9698925018310547,930.0,930.0,50.0,2.5511257648468018,31.28337860107422,4.9038166999816895,0.43657511472702026,0.335978239774704,0.36704811453819275,0.8461538553237915,52.0,52.0,36.0,7.233640670776367,24.920825958251953,2.75810170173645,0.4414728581905365,0.032800834625959396,0.0328008309006691,0.9900000691413879,8379.0048828125,0.41895024414062504,0.836925208568573,34.040000915527344,7.98787784576416,0.4545171856880188
25,849,0.037773024290800095,0.0463714599609375,0.9877579212188721,2859.0,2859.0,50.0,0.9046254754066467,34.18037033081055,7.932693958282471,0.460713654756546,0.007280957885086536,0.008610028773546219,0.9988394975662231,2585.0,2585.0,50.0,0.2178814858198166,34.95918273925781,9.136367797851562,0.4556370973587036,0.10460915416479111,0.06498516350984573,0.9658589363098145,908.0,908.0,50.0,2.5173463821411133,31.332521438598633,5.036869525909424,0.4330812692642212,0.49913984537124634,0.45982903242111206,0.8125,48.0,48.0,28.0,8.634942054748535,24.0665340423584,2.478254556655884,0.4462990164756775,0.03839971497654915,0.03839971497654915,0.9878125190734863,8378.921875,0.41894609375,0.9140274524688721,34.015045166015625,7.967111587524414,0.45463475584983826
25,899,0.033292029052972794,0.03665231913328171,0.9889285564422607,2800.0,2800.0,50.0,0.787913978099823,34.15581130981445,7.924726963043213,0.4581518769264221,0.007276331540197134,0.00539069389924407,0.9988725185394287,2661.0,2661.0,50.0,0.20690935850143433,35.11875534057617,9.138927459716797,0.457765132188797,0.12182703614234924,0.11949271708726883,0.955832302570343,883.0,883.0,50.0,2.887000322341919,30.814489364624023,4.7569355964660645,0.4339647591114044,0.35659125447273254,0.2786453664302826,0.8749999403953552,56.0,56.0,32.0,7.803699970245361,23.545438766479492,2.710259199142456,0.4428313970565796,0.037519119679927826,0.037519123405218124,0.9874999523162842,8378.8427734375,0.418942138671875,0.8973395824432373,34.00234603881836,7.94688606262207,0.45451998710632324
25,949,0.03881693631410599,0.027983928099274635,0.9898174405097961,2848.0,2848.0,50.0,0.8384488821029663,34.17490768432617,7.9819183349609375,0.45898541808128357,0.006923715118318796,0.005683597642928362,0.9988446235656738,2596.0,2596.0,50.0,0.2038249969482422,35.08224868774414,9.11781120300293,0.4568028151988983,0.11609040200710297,0.1030220240354538,0.9607625007629395,892.0,892.0,50.0,2.7995216846466064,31.066619873046875,4.733432292938232,0.4346179664134979,0.6506198048591614,0.4149909019470215,0.7656248807907104,64.0,64.0,37.0,10.871742248535156,23.780681610107422,2.5174081325531006,0.4416815936565399,0.04276826232671738,0.042768266052007675,0.9871876239776611,8378.765625,0.41893828125000004,0.9546869993209839,34.00578689575195,7.9352617263793945,0.45453083515167236
25,999,0.04591478034853935,0.03627122938632965,0.9835538268089294,2797.0,2797.0,50.0,0.9647889137268066,34.12908935546875,7.960500717163086,0.4599975347518921,0.006492276675999165,0.0071500204503536224,0.9992390275001526,2628.0,2628.0,50.0,0.19191403687000275,35.109458923339844,9.147109985351562,0.4573379158973694,0.11506706476211548,0.11321753263473511,0.9636163711547852,907.0,907.0,50.0,2.865190267562866,30.371143341064453,4.668602466583252,0.43019580841064453,0.4581063985824585,0.3645552694797516,0.7941175699234009,68.0,68.0,39.0,9.402597427368164,22.705482482910156,2.539306402206421,0.4452068507671356,0.043906621634960175,0.04390662536025047,0.9851562976837158,8378.685546875,0.41893427734375,1.0064013004302979,33.877708435058594,7.923628330230713,0.45452481508255005
25,1049,0.036959681659936905,0.03296530991792679,0.9868468046188354,2813.0,2813.0,50.0,0.8834212422370911,34.16788101196289,8.056589126586914,0.46041563153266907,0.006605046801269054,0.006261548493057489,0.9984639286994934,2604.0,2604.0,50.0,0.19398091733455658,35.04862594604492,9.183234214782715,0.45668020844459534,0.0997542291879654,0.09534000605344772,0.9677420854568481,930.0,930.0,50.0,2.3895742893218994,31.463687896728516,4.905828475952148,0.4324991703033447,0.49104905128479004,0.5771883726119995,0.8113207817077637,53.0,53.0,28.0,8.825082778930664,24.436174392700195,2.7346107959747314,0.4483996331691742,0.037494413554668427,0.03749439865350723,0.9873437881469727,8378.6064453125,0.41893032226562504,0.8875349760055542,34.05268859863281,8.01307487487793,0.45473968982696533
25,1099,0.029421241953969002,0.027695246040821075,0.9902633428573608,2773.0,2773.0,50.0,0.7287991642951965,34.35009002685547,8.079391479492188,0.4598967432975769,0.007255261763930321,0.006343937944620848,0.9984928369522095,2654.0,2654.0,50.0,0.20713573694229126,35.124488830566406,9.11860466003418,0.45774656534194946,0.09671179950237274,0.07435795664787292,0.976190447807312,924.0,924.0,50.0,2.4001121520996094,31.18397331237793,4.841911792755127,0.43087780475616455,0.5810423493385315,0.5603805780410767,0.7959182858467102,49.0,49.0,29.0,8.875236511230469,24.070972442626953,2.7928130626678467,0.4379650354385376,0.03416771814227104,0.034167710691690445,0.9901562929153442,8378.5263671875,0.418926318359375,0.8161388039588928,34.135414123535156,8.002453804016113,0.4546475410461426
25,1149,0.03376401215791702,0.03539002314209938,0.9889914989471436,2816.0,2816.0,50.0,0.8372948169708252,34.14775848388672,7.939855575561523,0.45949968695640564,0.008733219467103481,0.013673506677150726,0.9977453351020813,2661.0,2661.0,50.0,0.23722635209560394,35.01517105102539,9.091337203979492,0.45633241534233093,0.10862525552511215,0.07998036593198776,0.96304851770401,866.0,866.0,50.0,2.577051877975464,31.23365020751953,4.949666976928711,0.4343373477458954,0.4631234407424927,0.32147252559661865,0.8245614767074585,57.0,57.0,32.0,8.166435241699219,24.93877410888672,2.6096031665802,0.4467856287956238,0.03731030970811844,0.037310320883989334,0.9876563549041748,8378.4462890625,0.418922314453125,0.8884836435317993,34.03207778930664,7.9665374755859375,0.45466479659080505
25,1199,0.035372089594602585,0.04439156875014305,0.9886040091514587,2808.0,2808.0,50.0,0.8238009810447693,34.18854904174805,8.060938835144043,0.45952680706977844,0.008258633315563202,0.008169611915946007,0.9977350234985352,2649.0,2649.0,50.0,0.23864257335662842,34.966590881347656,9.159753799438477,0.4566099941730499,0.1169600561261177,0.11125137656927109,0.9571106433868408,886.0,886.0,50.0,2.7735583782196045,31.203285217285156,4.952271938323975,0.4346807599067688,0.4302653670310974,0.577812671661377,0.7894736528396606,57.0,57.0,35.0,8.77813720703125,23.871217727661133,2.570134401321411,0.4417305290699005,0.038961511105298996,0.038961511105298996,0.9862499833106995,8378.3681640625,0.41891840820312504,0.9223631024360657,34.00542449951172,8.036486625671387,0.4547213912010193
25,1249,0.03185722604393959,0.026375900954008102,0.9911503791809082,2825.0,2825.0,50.0,0.7382341027259827,34.20826721191406,8.083313941955566,0.4585147500038147,0.006210169289261103,0.004456138238310814,0.9992333054542542,2609.0,2609.0,50.0,0.19179747998714447,35.0544319152832,9.240984916687012,0.4570504426956177,0.1359240710735321,0.13497702777385712,0.9444445371627808,918.0,918.0,50.0,3.1885342597961426,30.57695770263672,4.787108898162842,0.4370701313018799,0.5248020887374878,0.5276565551757812,0.8125000596046448,48.0,48.0,32.0,8.421649932861328,25.513500213623047,2.8388853073120117,0.4518088102340698,0.040026213973760605,0.0400262176990509,0.9864062070846558,8378.287109375,0.41891435546875,0.924566388130188,33.96713638305664,8.043113708496094,0.4547915458679199
25,1271,0.0382041372358799,0.041491392999887466,0.9850993156433105,1208.0,1208.0,22.0,0.9212312698364258,34.068946838378906,8.039632797241211,0.45836833119392395,0.004872229881584644,0.006169075146317482,0.9991063475608826,1119.0,1119.0,22.0,0.15195739269256592,35.34182357788086,9.381246566772461,0.45913493633270264,0.11304862797260284,0.09691963344812393,0.9640288352966309,417.0,417.0,22.0,2.532409906387329,31.454740524291992,5.07378625869751,0.43466436862945557,0.5749622583389282,0.5194429755210876,0.7692307829856873,26.0,26.0,13.0,8.818217277526855,24.67973518371582,2.8200087547302246,0.43040698766708374,0.041181813925504684,0.04104437679052353,0.9855595231056213,8378.25390625,0.4189126953125,0.927139401435852,34.10147476196289,8.086130142211914,0.454847127199173
26,49,0.03552579507231712,0.03349665179848671,0.9913263320922852,2767.0,2767.0,50.0,0.8548892736434937,34.25440979003906,7.978827953338623,0.46133530139923096,0.005761429201811552,0.006905635818839073,0.9992581605911255,2696.0,2696.0,50.0,0.17864340543746948,35.01614761352539,9.061339378356934,0.4558872878551483,0.07603394985198975,0.08885021507740021,0.9807907342910767,885.0,885.0,50.0,2.0413167476654053,31.654266357421875,5.1122941970825195,0.4302990138530731,0.32770630717277527,0.11016357690095901,0.8269230723381042,52.0,52.0,34.0,6.793684005737305,25.800445556640625,3.1260180473327637,0.4379265606403351,0.03096304088830948,0.03096304088830948,0.9918749928474426,8378.173828125,0.41890869140625003,0.7823341488838196,34.14704895019531,7.999018669128418,0.45455843210220337
26,99,0.026858869940042496,0.028989607468247414,0.9940140843391418,2840.0,2840.0,50.0,0.6624016165733337,34.35048294067383,8.001198768615723,0.45906248688697815,0.006249271333217621,0.004942302592098713,0.9980754852294922,2598.0,2598.0,50.0,0.18010719120502472,35.150367736816406,9.265023231506348,0.4574829339981079,0.08774156868457794,0.07914525270462036,0.9757441282272339,907.0,907.0,50.0,2.3517706394195557,31.346487045288086,5.023375034332275,0.4334208071231842,0.418058842420578,0.33731165528297424,0.8545455932617188,55.0,55.0,30.0,8.291171073913574,22.947357177734375,2.4026103019714355,0.44573959708213806,0.03048275224864483,0.030482754111289978,0.9918749332427979,8378.0966796875,0.418904833984375,0.7715952396392822,34.151466369628906,8.044105529785156,0.4546729028224945
26,149,0.028691833838820457,0.02830776572227478,0.9910072088241577,2780.0,2780.0,50.0,0.7170170545578003,34.34666061401367,8.103826522827148,0.4602864980697632,0.006212175823748112,0.004057418555021286,0.9992485046386719,2661.0,2661.0,50.0,0.19426806271076202,34.98875045776367,9.0867280960083,0.45614227652549744,0.1040441244840622,0.09252481162548065,0.9658963084220886,909.0,909.0,50.0,2.5775933265686035,31.26804542541504,5.001565456390381,0.43408748507499695,0.5399966239929199,0.4229111075401306,0.7399998903274536,50.0,50.0,30.0,10.703710556030273,19.755311965942383,2.3323559761047363,0.434347003698349,0.03404216840863228,0.03404216095805168,0.9889062643051147,8378.0166015625,0.418900830078125,0.8419488072395325,34.0623779296875,8.026790618896484,0.4546396732330322
26,199,0.03308132290840149,0.031291116029024124,0.9891610145568848,2860.0,2860.0,50.0,0.8049232959747314,34.251617431640625,8.035767555236816,0.4601733684539795,0.005737426690757275,0.005566522944718599,0.9992284774780273,2592.0,2592.0,50.0,0.17220069468021393,35.01682662963867,9.190884590148926,0.4556686580181122,0.0797543153166771,0.0854700356721878,0.9742152094841003,892.0,892.0,50.0,2.1670942306518555,31.57626724243164,5.148866176605225,0.4336484670639038,0.4471055269241333,0.5017748475074768,0.8214283585548401,56.0,56.0,34.0,7.842440128326416,25.50836944580078,2.9995288848876953,0.4469379186630249,0.03213480859994888,0.032134804874658585,0.9896875619888306,8377.9375,0.418896875,0.8001015186309814,34.11214828491211,8.057161331176758,0.45453622937202454
26,249,0.02869880199432373,0.0281634870916605,0.991982638835907,2744.0,2744.0,50.0,0.7557694911956787,34.36426544189453,8.142370223999023,0.46155279874801636,0.006658942438662052,0.007017394062131643,0.9985102415084839,2685.0,2685.0,50.0,0.19325177371501923,34.9158821105957,9.15731430053711,0.45443272590637207,0.09591895341873169,0.07784175872802734,0.9705882668495178,918.0,918.0,50.0,2.4547412395477295,31.33969497680664,5.077113151550293,0.4350834786891937,0.4683774411678314,0.70018070936203,0.7924529314041138,53.0,53.0,35.0,8.14552116394043,24.468812942504883,2.9651293754577637,0.434752881526947,0.03273535892367363,0.032735373824834824,0.9900000691413879,8377.859375,0.41889296875000004,0.8246684074401855,34.07990264892578,8.085624694824219,0.45454710721969604
26,299,0.03445393964648247,0.027705064043402672,0.9890921115875244,2842.0,2842.0,50.0,0.8316403031349182,34.13874053955078,8.069124221801758,0.45996445417404175,0.007779502309858799,0.008765173144638538,0.9973251223564148,2617.0,2617.0,50.0,0.22343920171260834,34.887630462646484,9.150940895080566,0.45527854561805725,0.10370156913995743,0.10587763041257858,0.9639235734939575,887.0,887.0,50.0,2.5325658321380615,31.392457962036133,5.026834964752197,0.43552345037460327,0.44063231348991394,0.39893850684165955,0.796296238899231,54.0,54.0,32.0,8.51229190826416,25.073627471923828,2.7221734523773193,0.4430682361125946,0.03657100349664688,0.036571014672517776,0.9873437285423279,8377.78125,0.4188890625,0.8834862112998962,33.98786163330078,8.04472827911377,0.4545184373855591
26,349,0.03474626690149307,0.03469784930348396,0.9894552230834961,2845.0,2845.0,50.0,0.826641857624054,34.21495056152344,8.092982292175293,0.45993900299072266,0.006387092173099518,0.005133891478180885,0.9992400407791138,2632.0,2632.0,50.0,0.19472309947013855,34.930137634277344,9.161099433898926,0.45523008704185486,0.08923990279436111,0.07038625329732895,0.9704546332359314,880.0,880.0,50.0,2.2357146739959717,31.936464309692383,5.0280070304870605,0.43657225370407104,0.756029486656189,1.0349133014678955,0.7441859841346741,43.0,43.0,30.0,10.379849433898926,23.16988754272461,2.6303486824035645,0.43567395210266113,0.03542255610227585,0.03542255237698555,0.9892187118530273,8377.7001953125,0.41888500976562504,0.8246984481811523,34.1215705871582,8.074109077453613,0.45462650060653687
26,399,0.02750445157289505,0.030272534117102623,0.9910221695899963,2896.0,2896.0,50.0,0.6590915322303772,34.41010284423828,8.19286823272705,0.45934295654296875,0.006484262179583311,0.007304167840629816,0.9996054172515869,2534.0,2534.0,50.0,0.1881103515625,35.04447937011719,9.297978401184082,0.45637455582618713,0.11302895098924637,0.1209166944026947,0.9686824083328247,926.0,926.0,50.0,2.6497726440429688,31.175594329833984,4.896678447723389,0.4347590208053589,0.5214043855667114,0.47228094935417175,0.7499999403953552,44.0,44.0,31.0,9.682099342346191,23.42675018310547,2.605661392211914,0.4420078992843628,0.03495166450738907,0.03495166078209877,0.9895312786102295,8377.62109375,0.41888105468750003,0.8226722478866577,34.11777114868164,8.115093231201172,0.4544914960861206
26,449,0.026407334953546524,0.025991488248109818,0.9942877292633057,2801.0,2801.0,50.0,0.7291189432144165,34.24985885620117,8.145771980285645,0.45955848693847656,0.005866881925612688,0.007001694291830063,0.9992446899414062,2648.0,2648.0,50.0,0.17886970937252045,34.86985397338867,9.179661750793457,0.4544759690761566,0.09064176678657532,0.09296213835477829,0.9761635065078735,881.0,881.0,50.0,2.329571485519409,31.751554489135742,5.036533355712891,0.43836620450019836,0.4842405617237091,0.5440621376037598,0.785714328289032,70.0,70.0,42.0,9.051258087158203,24.87567901611328,2.7286598682403564,0.44976893067359924,0.03175854682922363,0.03175854682922363,0.9915624856948853,8377.5419921875,0.418877099609375,0.8127890229225159,34.05994415283203,8.086288452148438,0.4544312655925751
26,499,0.02854170650243759,0.0244878139346838,0.9927589297294617,2762.0,2762.0,50.0,0.7005529403686523,34.20710754394531,8.167665481567383,0.4584578573703766,0.007055979687720537,0.004623053595423698,0.9992502331733704,2668.0,2668.0,50.0,0.21247246861457825,34.956947326660156,9.224011421203613,0.45613715052604675,0.0949409231543541,0.09632620215415955,0.9751083850860596,924.0,924.0,50.0,2.382521629333496,31.732229232788086,4.978370189666748,0.438280314207077,0.35567423701286316,0.2472156584262848,0.8478260636329651,46.0,46.0,32.0,7.105047225952148,24.425796508789062,2.7809901237487793,0.4405111074447632,0.031522486358881,0.03152249753475189,0.9918749928474426,8377.462890625,0.41887314453125,0.7859509587287903,34.09208297729492,8.108858108520508,0.45444828271865845
26,549,0.031171347945928574,0.035555772483348846,0.9915372729301453,2836.0,2836.0,50.0,0.7824956774711609,34.182735443115234,8.14630126953125,0.45964086055755615,0.00650448352098465,0.0062453062273561954,0.9980746507644653,2597.0,2597.0,50.0,0.19126847386360168,34.94136428833008,9.386153221130371,0.4552749693393707,0.07713717967271805,0.06920883804559708,0.9835528135299683,912.0,912.0,50.0,2.0572798252105713,32.18093490600586,5.288580894470215,0.4372089207172394,0.3822557330131531,0.9520496726036072,0.8727273344993591,55.0,55.0,37.0,6.883718490600586,25.867860794067383,2.9494988918304443,0.4442079961299896,0.030729250982403755,0.0307292602956295,0.9920311570167542,8377.3837890625,0.418869189453125,0.7766759395599365,34.13386154174805,8.197525024414062,0.45454007387161255
26,599,0.035022929310798645,0.032716087996959686,0.9911032319068909,2810.0,2810.0,50.0,0.7509036064147949,34.211936950683594,8.102621078491211,0.4580717384815216,0.006834784522652626,0.005880254320800304,0.9981104731559753,2646.0,2646.0,50.0,0.19849474728107452,34.9642448425293,9.268821716308594,0.45563557744026184,0.1152062639594078,0.14268064498901367,0.95652174949646,897.0,897.0,50.0,2.76906418800354,31.379926681518555,4.888603210449219,0.4398307800292969,0.7014785408973694,0.6998241543769836,0.7021276950836182,47.0,47.0,30.0,12.349017143249512,20.853710174560547,2.3343088626861572,0.4456849694252014,0.0395013727247715,0.0395013727247715,0.9870312809944153,8377.3056640625,0.418865283203125,0.8905485272407532,34.02794647216797,8.091946601867676,0.45441699028015137
26,649,0.03217404708266258,0.02319568209350109,0.98945152759552,2844.0,2844.0,50.0,0.8003013730049133,34.201656341552734,8.028803825378418,0.45989862084388733,0.004402092657983303,0.003525163047015667,1.0,2623.0,2623.0,50.0,0.1399064064025879,35.033226013183594,9.332554817199707,0.45561933517456055,0.08859385550022125,0.07449773699045181,0.9735631942749023,870.0,870.0,50.0,2.301499128341675,31.54933738708496,5.017829418182373,0.4356873035430908,0.3109755516052246,0.36503294110298157,0.8888890147209167,63.0,63.0,39.0,6.658827781677246,24.21820831298828,2.6738197803497314,0.43725401163101196,0.031205914914608,0.031205905601382256,0.9906250238418579,8377.2255859375,0.418861279296875,0.7913815975189209,34.08364486694336,8.101119995117188,0.45463067293167114
26,699,0.03361399844288826,0.04528578743338585,0.9915134310722351,2828.0,2828.0,50.0,0.8253358006477356,34.09334945678711,8.070340156555176,0.4596950113773346,0.00659374101087451,0.007357523776590824,0.9996251463890076,2667.0,2667.0,50.0,0.2035411298274994,34.89215850830078,9.24635124206543,0.45567190647125244,0.08328844606876373,0.06361400336027145,0.977751612663269,854.0,854.0,50.0,2.1992886066436768,31.689239501953125,5.145540714263916,0.43537506461143494,0.3620947599411011,0.531247615814209,0.7843137383460999,51.0,51.0,30.0,7.338728427886963,25.00803565979004,2.953294515609741,0.43796783685684204,0.031600162386894226,0.031600166112184525,0.9914063215255737,8377.1474609375,0.41885737304687504,0.801462709903717,34.03303146362305,8.129351615905762,0.4546002149581909
26,749,0.025567946955561638,0.023088470101356506,0.9925025701522827,2801.0,2801.0,50.0,0.6501398682594299,34.33744812011719,8.27651309967041,0.45880621671676636,0.004438560456037521,0.004781163297593594,0.9996155500411987,2602.0,2602.0,50.0,0.1427944451570511,35.07421875,9.338430404663086,0.45582443475723267,0.10442846268415451,0.0937434509396553,0.9709365367889404,929.0,929.0,50.0,2.6903457641601562,30.947301864624023,4.7756876945495605,0.43811026215553284,0.4635249376296997,0.42345017194747925,0.8088235259056091,68.0,68.0,40.0,8.283660888671875,25.2408447265625,2.788991928100586,0.445993036031723,0.03307792544364929,0.033077921718358994,0.9903124570846558,8377.0693359375,0.418853466796875,0.8211270570755005,34.048240661621094,8.141777038574219,0.45445364713668823
26,799,0.03358776494860649,0.03164401650428772,0.9860140681266785,2717.0,2717.0,50.0,0.826301097869873,34.08380889892578,8.078453063964844,0.45805972814559937,0.006810804829001427,0.005350986495614052,0.9981468319892883,2698.0,2698.0,50.0,0.17799429595470428,35.22142028808594,9.422172546386719,0.4580494463443756,0.08885963261127472,0.1024586632847786,0.9708107709884644,925.0,925.0,50.0,2.232557773590088,31.800941467285156,5.146602630615234,0.4347946345806122,0.3925286531448364,0.37785422801971436,0.8500000834465027,60.0,60.0,36.0,7.530238628387451,25.321870803833008,3.0137882232666016,0.440612256526947,0.03365318104624748,0.03365318477153778,0.9876563549041748,8376.990234375,0.41884951171875,0.8190966844558716,34.15129470825195,8.173688888549805,0.4545293152332306
26,849,0.030237270519137383,0.023302244022488594,0.9891113638877869,2847.0,2847.0,50.0,0.7967907190322876,34.17875289916992,8.078546524047852,0.45970413088798523,0.007609281223267317,0.0043759336695075035,0.998867928981781,2650.0,2650.0,50.0,0.20354875922203064,34.919036865234375,9.276171684265137,0.45500776171684265,0.09489090740680695,0.09982014447450638,0.9660422801971436,854.0,854.0,50.0,2.404184103012085,31.739551544189453,5.157496929168701,0.4373334050178528,0.25857168436050415,0.31811898946762085,0.9183673858642578,49.0,49.0,30.0,5.851940631866455,25.743162155151367,2.634028196334839,0.4391835331916809,0.031243277713656425,0.031243272125720978,0.9895312786102295,8376.9111328125,0.418845556640625,0.8043414950370789,34.095211029052734,8.142975807189941,0.45461732149124146
26,899,0.027937885373830795,0.027373621240258217,0.9908322095870972,2836.0,2836.0,50.0,0.7264597415924072,34.18074417114258,8.138589859008789,0.45878079533576965,0.004898443352431059,0.003444948000833392,0.9996174573898315,2614.0,2614.0,50.0,0.15312908589839935,35.0359992980957,9.416313171386719,0.4555931091308594,0.10828841477632523,0.10600762814283371,0.9608939290046692,895.0,895.0,50.0,2.6783103942871094,31.304136276245117,4.972328186035156,0.4382641017436981,0.3243565559387207,0.2107902318239212,0.8909090161323547,55.0,55.0,33.0,6.887194633483887,24.427507400512695,2.8869473934173584,0.4400407075881958,0.0323115698993206,0.0323115810751915,0.9893750548362732,8376.83203125,0.4188416015625,0.8181878924369812,34.043968200683594,8.17254638671875,0.4544486403465271
26,949,0.03152374550700188,0.03633604198694229,0.9882432818412781,2892.0,2892.0,50.0,0.7930684685707092,34.130828857421875,8.176654815673828,0.4587751030921936,0.006671397481113672,0.009758708998560905,0.998060405254364,2578.0,2578.0,50.0,0.18701256811618805,34.93926239013672,9.371471405029297,0.4551125466823578,0.08387356251478195,0.06415114551782608,0.97843337059021,881.0,881.0,50.0,2.1927528381347656,32.1114616394043,5.269313335418701,0.4398506283760071,0.5082182884216309,0.44874975085258484,0.7959184050559998,49.0,49.0,30.0,9.768241882324219,22.439722061157227,2.884307384490967,0.4450223445892334,0.032368894666433334,0.03236888349056244,0.9893748760223389,8376.7548828125,0.418837744140625,0.8103330135345459,34.0889892578125,8.217208862304688,0.4545894265174866
26,999,0.02625136822462082,0.028187580406665802,0.9924705028533936,2789.0,2789.0,50.0,0.6445290446281433,34.456607818603516,8.35213565826416,0.4603429436683655,0.006874372251331806,0.0059893433935940266,0.9984877109527588,2645.0,2645.0,50.0,0.2092175930738449,34.84085464477539,9.306718826293945,0.4547017514705658,0.09586739540100098,0.11361553519964218,0.9684783816337585,920.0,920.0,50.0,2.4908668994903564,31.39862823486328,4.919315338134766,0.4378589391708374,0.5193060636520386,0.5747775435447693,0.782608687877655,46.0,46.0,28.0,9.55142879486084,23.024709701538086,2.5083045959472656,0.4361458122730255,0.03179435804486275,0.03179435431957245,0.9900000691413879,8376.67578125,0.4188337890625,0.7940524220466614,34.093658447265625,8.211176872253418,0.4546055793762207
26,1049,0.0320034921169281,0.038784123957157135,0.9876018762588501,2823.0,2823.0,50.0,0.798444390296936,34.18161392211914,8.211166381835938,0.45886656641960144,0.00872744806110859,0.00761691527441144,0.9981045722961426,2638.0,2638.0,50.0,0.24497348070144653,34.82376480102539,9.357769966125488,0.4546947181224823,0.09428095817565918,0.07338309288024902,0.9763779044151306,889.0,889.0,50.0,2.258936882019043,32.13780975341797,5.184385776519775,0.4408109486103058,0.5600941777229309,0.4659363031387329,0.7400000691413879,50.0,50.0,31.0,9.209023475646973,24.881345748901367,2.917682409286499,0.43390312790870667,0.03518584370613098,0.035185836255550385,0.9884375333786011,8376.5947265625,0.41882973632812504,0.8388897180557251,34.089744567871094,8.2219877243042,0.45444390177726746
26,1099,0.03488805145025253,0.039900679141283035,0.9896798133850098,2810.0,2810.0,50.0,0.7813815474510193,34.20992660522461,8.31351089477539,0.4588771164417267,0.005411987192928791,0.004034076817333698,0.9992328882217407,2607.0,2607.0,50.0,0.1697969287633896,34.959999084472656,9.452492713928223,0.4557599425315857,0.09482191503047943,0.07665802538394928,0.9752153754234314,928.0,928.0,50.0,2.479473114013672,31.2631778717041,4.933108806610107,0.4385639727115631,0.3258153200149536,0.35887759923934937,0.8727272152900696,55.0,55.0,35.0,7.491440296173096,24.59168815612793,2.709965229034424,0.4544154107570648,0.03407173603773117,0.034071728587150574,0.9904687404632568,8376.515625,0.41882578125000003,0.836144208908081,34.005531311035156,8.239154815673828,0.45462360978126526
26,1149,0.03474041447043419,0.03515952453017235,0.9907604455947876,2814.0,2814.0,50.0,0.8072305917739868,34.16229248046875,8.281493186950684,0.45936527848243713,0.005367456004023552,0.005316568538546562,0.9988564252853394,2623.0,2623.0,50.0,0.16165539622306824,34.96001434326172,9.405628204345703,0.4550170600414276,0.10656698793172836,0.09481701999902725,0.9640451073646545,890.0,890.0,50.0,2.5629091262817383,31.674528121948242,5.251243591308594,0.4382757544517517,0.7484534382820129,0.7814465761184692,0.7260273694992065,73.0,73.0,38.0,11.763980865478516,21.5145320892334,2.4400110244750977,0.4437927305698395,0.04083126783370972,0.04083126038312912,0.9873437881469727,8376.4345703125,0.41882172851562505,0.9117701053619385,33.99901580810547,8.254189491271973,0.45447278022766113
26,1199,0.02487792633473873,0.02094597928225994,0.9932647347450256,2821.0,2821.0,50.0,0.6529985666275024,34.46269607543945,8.325279235839844,0.46058189868927,0.006597733125090599,0.005880091339349747,0.9988456964492798,2599.0,2599.0,50.0,0.20523296296596527,34.74125289916992,9.301372528076172,0.4536031484603882,0.09896515309810638,0.09521879255771637,0.9620800614356995,923.0,923.0,50.0,2.4685657024383545,31.60832977294922,5.028392314910889,0.4380265772342682,0.3349120318889618,0.35103684663772583,0.8421052694320679,57.0,57.0,33.0,7.160147666931152,25.908306121826172,3.0091986656188965,0.44820070266723633,0.030900461599230766,0.030900461599230766,0.9896873831748962,8376.3564453125,0.41881782226562503,0.7909568548202515,34.087974548339844,8.198844909667969,0.4543846845626831
26,1249,0.03969985619187355,0.034202348440885544,0.9875800013542175,2818.0,2818.0,50.0,0.8836390376091003,34.11572265625,8.258316993713379,0.4591929018497467,0.0076826089061796665,0.006499269511550665,0.9988488554954529,2606.0,2606.0,50.0,0.224838525056839,34.84138107299805,9.391274452209473,0.4550319015979767,0.10740062594413757,0.1012028306722641,0.9562364220619202,914.0,914.0,50.0,2.612593650817871,31.549325942993164,5.074915409088135,0.4386845529079437,0.32699257135391235,0.34230509400367737,0.8709676265716553,62.0,62.0,37.0,6.830214023590088,25.827491760253906,3.119107961654663,0.45255333185195923,0.03911449387669563,0.03911449760198593,0.9865626096725464,8376.27734375,0.4188138671875,0.9199074506759644,33.96439743041992,8.215227127075195,0.45450544357299805
26,1271,0.04303832724690437,0.04151538014411926,0.9834161996841431,1206.0,1206.0,22.0,0.8573524951934814,34.36599349975586,8.189541816711426,0.46099624037742615,0.004975083749741316,0.0057456400245428085,1.0,1150.0,1150.0,22.0,0.15135133266448975,34.843631744384766,9.342223167419434,0.4537433385848999,0.10091114044189453,0.09950412809848785,0.964102566242218,390.0,390.0,22.0,2.4673149585723877,31.59931755065918,5.07423734664917,0.4364398121833801,0.2016686350107193,0.2227582484483719,0.9166667461395264,24.0,24.0,17.0,5.375338077545166,25.824594497680664,3.016491174697876,0.44529828429222107,0.03695301339030266,0.03675847128033638,0.9870035648345947,8376.2421875,0.418812109375,0.8300657272338867,34.10075378417969,8.184654235839844,0.4543916583061218
27,49,0.029620690271258354,0.02824978344142437,0.9915728569030762,2848.0,2848.0,50.0,0.6793538928031921,34.428951263427734,8.304765701293945,0.46018946170806885,0.005105737131088972,0.005834604613482952,0.9992191791534424,2561.0,2561.0,50.0,0.15639227628707886,34.993167877197266,9.410422325134277,0.4553447365760803,0.07955700904130936,0.0640684962272644,0.9827213287353516,926.0,926.0,50.0,2.1128125190734863,31.80942153930664,5.07882022857666,0.43564286828041077,0.41725119948387146,0.2830301821231842,0.815384566783905,65.0,65.0,42.0,7.265468597412109,25.897422790527344,3.0565061569213867,0.4379841983318329,0.030972924083471298,0.030972911044955254,0.9915624856948853,8376.1630859375,0.418808154296875,0.744381308555603,34.189064025878906,8.227144241333008,0.45447367429733276
27,99,0.026738230139017105,0.024972064420580864,0.992337167263031,2871.0,2871.0,50.0,0.6468353271484375,34.3631591796875,8.195635795593262,0.4589036703109741,0.006185812875628471,0.004735556896775961,0.9988435506820679,2594.0,2594.0,50.0,0.18082863092422485,34.961647033691406,9.328435897827148,0.45567288994789124,0.0675751194357872,0.06141897290945053,0.9797753095626831,890.0,890.0,50.0,1.8167479038238525,32.46738052368164,5.162331581115723,0.436946302652359,0.3482827842235565,0.30122095346450806,0.8888887763023376,45.0,45.0,30.0,7.084094524383545,24.251306533813477,2.8073179721832275,0.43505072593688965,0.0263478122651577,0.026347819715738297,0.9925000071525574,8376.0859375,0.41880429687500004,0.6659099459648132,34.27100372314453,8.195068359375,0.4543730318546295
27,149,0.025427773594856262,0.03356517478823662,0.9921678900718689,2809.0,2809.0,50.0,0.6775176525115967,34.282508850097656,8.295753479003906,0.45953086018562317,0.005113972816616297,0.004600824322551489,0.9996199011802673,2631.0,2631.0,50.0,0.16129255294799805,34.963165283203125,9.353533744812012,0.4553709030151367,0.08887047320604324,0.0783834233880043,0.9740405082702637,886.0,886.0,50.0,2.208404541015625,31.719409942626953,5.170787334442139,0.4352555274963379,0.22178968787193298,0.1757536679506302,0.9324323534965515,74.0,74.0,43.0,5.445328235626221,26.829669952392578,2.8094124794006348,0.44569137692451477,0.028130190446972847,0.0281301811337471,0.9920312166213989,8376.0068359375,0.41880034179687503,0.7323607206344604,34.12131881713867,8.234551429748535,0.4543001055717468
27,199,0.025646597146987915,0.022578468546271324,0.993032693862915,2727.0,2727.0,50.0,0.6599606871604919,34.252540588378906,8.27623462677002,0.458456814289093,0.006683865562081337,0.008098088204860687,0.9981687068939209,2730.0,2730.0,50.0,0.19359388947486877,34.8657112121582,9.353238105773926,0.4544645845890045,0.08209233731031418,0.08921032398939133,0.975141167640686,885.0,885.0,50.0,2.096177816390991,32.41793441772461,5.173558235168457,0.44119712710380554,0.2785428762435913,0.5558789372444153,0.9137932658195496,58.0,58.0,37.0,5.7264628410339355,26.30508041381836,3.05177903175354,0.4412214457988739,0.027655070647597313,0.027655068784952164,0.9920313954353333,8375.927734375,0.41879638671875,0.7055431604385376,34.18838119506836,8.259255409240723,0.4542109966278076
27,249,0.030501648783683777,0.033836398273706436,0.9899391531944275,2783.0,2783.0,50.0,0.7001234889030457,34.30504608154297,8.172517776489258,0.45871293544769287,0.004998390097171068,0.004756277892738581,0.9992559552192688,2688.0,2688.0,50.0,0.15702533721923828,34.93833541870117,9.456960678100586,0.4549507796764374,0.0812392458319664,0.057459507137537,0.9769585132598877,868.0,868.0,50.0,2.0768439769744873,32.13084030151367,5.2556657791137695,0.43894854187965393,0.36556077003479004,0.3369627594947815,0.8688524961471558,61.0,61.0,33.0,7.286245346069336,24.291091918945312,2.6917803287506104,0.44666963815689087,0.029865095391869545,0.029865099117159843,0.9909375905990601,8375.84765625,0.41879238281250003,0.7215139865875244,34.18070602416992,8.26414680480957,0.454337477684021
27,299,0.02551470324397087,0.02403450943529606,0.9935274720191956,2781.0,2781.0,50.0,0.6633318066596985,34.206993103027344,8.295774459838867,0.4588105380535126,0.006005316041409969,0.006926089990884066,0.9988743662834167,2665.0,2665.0,50.0,0.1837380975484848,34.864601135253906,9.4126558303833,0.4545864462852478,0.08198856562376022,0.08318940550088882,0.9755010008811951,898.0,898.0,50.0,2.2146732807159424,31.949785232543945,5.075066566467285,0.4398305416107178,0.5164464116096497,0.5044494867324829,0.7500000596046448,56.0,56.0,30.0,10.075878143310547,22.399879455566406,2.5041120052337646,0.44825658202171326,0.029610514640808105,0.029610512778162956,0.9910937547683716,8375.76953125,0.4187884765625,0.763658344745636,34.06079864501953,8.258268356323242,0.4542961120605469
27,349,0.025950580835342407,0.033267389982938766,0.9922069311141968,2823.0,2823.0,50.0,0.6508669853210449,34.37297439575195,8.351383209228516,0.45921096205711365,0.007759020198136568,0.011559879407286644,0.9981003403663635,2632.0,2632.0,50.0,0.22665904462337494,34.8089714050293,9.430659294128418,0.45446962118148804,0.07606562227010727,0.04266456142067909,0.9821228981018066,895.0,895.0,50.0,1.9008448123931885,32.60315704345703,5.465253829956055,0.4387955069541931,0.46246880292892456,0.3939206600189209,0.7800000905990601,50.0,50.0,32.0,8.18379020690918,24.942419052124023,2.7645440101623535,0.43656501173973083,0.02888786979019642,0.028887875378131866,0.99156254529953,8375.6904296875,0.418784521484375,0.7100639939308167,34.231101989746094,8.347980499267578,0.4542291760444641
27,399,0.023786358535289764,0.023816369473934174,0.9924783706665039,2925.0,2925.0,50.0,0.6460700035095215,34.20624923706055,8.33203125,0.45799899101257324,0.005017118062824011,0.0047128330916166306,1.0,2546.0,2546.0,50.0,0.16347000002861023,34.965476989746094,9.451826095581055,0.45565810799598694,0.09920655190944672,0.10942751169204712,0.9692484736442566,878.0,878.0,50.0,2.5110278129577637,31.61630630493164,5.142918109893799,0.43954530358314514,0.43002355098724365,0.3329889178276062,0.8823529481887817,51.0,51.0,30.0,8.289581298828125,23.487834930419922,2.5526669025421143,0.4531537592411041,0.029903635382652283,0.029903629794716835,0.9914061427116394,8375.609375,0.41878046875,0.7708438038825989,34.06755828857422,8.293938636779785,0.4544975161552429
27,449,0.026622245088219643,0.028200630098581314,0.9933890700340271,2874.0,2874.0,50.0,0.6520037055015564,34.42913055419922,8.425835609436035,0.4600949287414551,0.005171125289052725,0.006562747061252594,0.9996058344841003,2537.0,2537.0,50.0,0.16251815855503082,34.9154052734375,9.474496841430664,0.4545769989490509,0.08488959074020386,0.06788340210914612,0.9740539789199829,925.0,925.0,50.0,2.2749433517456055,31.65410041809082,5.204019546508789,0.4373337924480438,0.5341701507568359,0.46165329217910767,0.765625,64.0,64.0,36.0,8.478907585144043,25.744462966918945,3.097309112548828,0.43757715821266174,0.031615812331438065,0.03161581978201866,0.990781307220459,8375.5322265625,0.418776611328125,0.7708031535148621,34.133968353271484,8.322593688964844,0.4543927311897278
27,499,0.027600165456533432,0.02881295420229435,0.9928136467933655,2783.0,2783.0,50.0,0.7325129508972168,34.06951141357422,8.283349990844727,0.45807531476020813,0.005287161096930504,0.005678379442542791,0.9996227622032166,2650.0,2650.0,50.0,0.1582694947719574,34.9102897644043,9.500134468078613,0.45481619238853455,0.08386200666427612,0.08523513376712799,0.9741100072860718,927.0,927.0,50.0,2.1134278774261475,32.34989929199219,5.266721248626709,0.44062376022338867,0.28757837414741516,0.3281746804714203,0.9000000357627869,40.0,40.0,29.0,5.552547931671143,28.00974464416504,3.077768564224243,0.45039093494415283,0.028135227039456367,0.028135227039456367,0.9923439025878906,8375.4541015625,0.41877270507812503,0.7248823642730713,34.130699157714844,8.317700386047363,0.4541500508785248
27,549,0.026820681989192963,0.023087866604328156,0.9916877150535583,2767.0,2767.0,50.0,0.6595079898834229,34.403995513916016,8.489267349243164,0.45933833718299866,0.005335717462003231,0.0042061940766870975,0.9988641142845154,2641.0,2641.0,50.0,0.16060654819011688,34.94621276855469,9.539113998413086,0.4546498656272888,0.07429654896259308,0.04983587935566902,0.9799367189407349,947.0,947.0,50.0,1.8982903957366943,32.506866455078125,5.515836715698242,0.4386920928955078,0.36382076144218445,0.3573637008666992,0.8888888955116272,45.0,45.0,30.0,8.351119995117188,21.295551300048828,2.5123696327209473,0.4371188282966614,0.027349252253770828,0.027349254116415977,0.9921875,8375.373046875,0.41876865234375005,0.691015899181366,34.254859924316406,8.440492630004883,0.4541923999786377
27,599,0.025819187983870506,0.028848132118582726,0.9922534823417664,2840.0,2840.0,50.0,0.6897443532943726,34.21317672729492,8.235072135925293,0.4587585926055908,0.0045661465264856815,0.00382268731482327,0.9996191263198853,2625.0,2625.0,50.0,0.1442098319530487,34.8379020690918,9.514333724975586,0.4537959396839142,0.08467670530080795,0.07985108345746994,0.9757784008979797,867.0,867.0,50.0,2.128175973892212,32.36652374267578,5.336440563201904,0.4407210648059845,0.3198680877685547,0.3965000808238983,0.8823531270027161,68.0,68.0,38.0,6.755730628967285,26.595348358154297,2.7271389961242676,0.4528403580188751,0.028199737891554832,0.02819974347949028,0.9918750524520874,8375.2958984375,0.418764794921875,0.725303590297699,34.138309478759766,8.308573722839355,0.45421674847602844
27,649,0.028249988332390785,0.02318652719259262,0.9917887449264526,2801.0,2801.0,50.0,0.7159122824668884,34.12628936767578,8.276342391967773,0.45788073539733887,0.004840052220970392,0.005313803441822529,0.9992536902427673,2680.0,2680.0,50.0,0.15309381484985352,34.85917663574219,9.474312782287598,0.4543009102344513,0.07049121707677841,0.07694810628890991,0.982896089553833,877.0,877.0,50.0,1.9250999689102173,32.61335372924805,5.303258895874023,0.44253072142601013,0.34310677647590637,0.36144518852233887,0.8333333730697632,42.0,42.0,25.0,7.014228820800781,26.960134506225586,2.9330506324768066,0.4485507607460022,0.02630169503390789,0.02630169317126274,0.9926562309265137,8375.2177734375,0.418760888671875,0.6872612237930298,34.178836822509766,8.335521697998047,0.45421701669692993
27,699,0.026484809815883636,0.03481070697307587,0.9928951263427734,2815.0,2815.0,50.0,0.6681482195854187,34.362548828125,8.35322380065918,0.45979756116867065,0.005240696016699076,0.005308893509209156,0.9992503523826599,2668.0,2668.0,50.0,0.15624216198921204,34.72854995727539,9.468443870544434,0.45254868268966675,0.09039624780416489,0.07267676293849945,0.9746835231781006,869.0,869.0,50.0,2.3276095390319824,32.04079818725586,5.339751243591309,0.4401167333126068,0.316438764333725,0.2738420069217682,0.9166666865348816,48.0,48.0,31.0,8.188946723937988,22.318931579589844,2.562443256378174,0.4614775478839874,0.02848130092024803,0.028481299057602882,0.9924999475479126,8375.1376953125,0.418756884765625,0.7364771366119385,34.10954666137695,8.365527153015137,0.45411598682403564
27,749,0.02792210318148136,0.027948815375566483,0.9905130863189697,2846.0,2846.0,50.0,0.6988290548324585,34.20977783203125,8.36573600769043,0.45892542600631714,0.0059674810618162155,0.005809294991195202,0.9980658292770386,2585.0,2585.0,50.0,0.16422398388385773,34.95946502685547,9.605904579162598,0.45412737131118774,0.08446132391691208,0.04893437400460243,0.9770492315292358,915.0,915.0,50.0,2.264430522918701,31.91708755493164,5.2206902503967285,0.44041144847869873,0.41386914253234863,0.54616379737854,0.7592594027519226,54.0,54.0,34.0,8.545049667358398,23.938926696777344,2.667079210281372,0.4473111927509308,0.030394265428185463,0.030394263565540314,0.9896875619888306,8375.0595703125,0.41875297851562504,0.7729332447052002,34.09813690185547,8.368922233581543,0.4542425274848938
27,799,0.02650483325123787,0.021815450862050056,0.9918641448020935,2827.0,2827.0,50.0,0.6631697416305542,34.26090621948242,8.384270668029785,0.4585418701171875,0.0045979199931025505,0.0036893703509122133,0.999617338180542,2613.0,2613.0,50.0,0.1375611573457718,34.910457611083984,9.54817008972168,0.4542095363140106,0.08631440997123718,0.08455928415060043,0.9769482016563416,911.0,911.0,50.0,2.291409969329834,31.871610641479492,5.19254732131958,0.4408828914165497,0.49213582277297974,0.4506930708885193,0.8163264989852905,49.0,49.0,31.0,7.868986129760742,25.226520538330078,3.0237457752227783,0.43975698947906494,0.02963916026055813,0.02963915839791298,0.9915624260902405,8374.98046875,0.41874902343750003,0.735512912273407,34.11683654785156,8.364105224609375,0.4541155695915222
27,849,0.029105093330144882,0.02293235994875431,0.9901129007339478,2832.0,2832.0,50.0,0.690816342830658,34.33683395385742,8.382282257080078,0.4586230516433716,0.006325645372271538,0.004963014740496874,0.9981039762496948,2637.0,2637.0,50.0,0.18889403343200684,34.78955078125,9.379371643066406,0.45393115282058716,0.07659432291984558,0.06906824558973312,0.9793577194213867,872.0,872.0,50.0,2.0807766914367676,32.271446228027344,5.303045749664307,0.4415898621082306,0.3549979329109192,0.3750876188278198,0.8983050584793091,59.0,59.0,35.0,6.665045738220215,24.442487716674805,2.9845311641693115,0.43167388439178467,0.029193975031375885,0.029193982481956482,0.9910937547683716,8374.9013671875,0.41874506835937503,0.7284656763076782,34.1507453918457,8.323807716369629,0.4541206359863281
27,899,0.02100827731192112,0.021636372432112694,0.9942424893379211,2779.0,2779.0,50.0,0.5722606182098389,34.344303131103516,8.497441291809082,0.45764219760894775,0.005682350602000952,0.004378810059279203,0.9992323517799377,2606.0,2606.0,50.0,0.16235817968845367,34.92607116699219,9.682403564453125,0.45446711778640747,0.07940559834241867,0.08152875304222107,0.9759414196014404,956.0,956.0,50.0,2.0783371925354004,32.40664291381836,5.293707847595215,0.4419313967227936,0.4135535657405853,0.3973187208175659,0.8135592341423035,59.0,59.0,34.0,8.537651062011719,22.843822479248047,2.561156749725342,0.44313958287239075,0.02710963413119316,0.027109628543257713,0.9918749332427979,8374.8232421875,0.418741162109375,0.7037546038627625,34.185733795166016,8.446660995483398,0.4538688659667969
27,949,0.02710833214223385,0.021372763440012932,0.9925585985183716,2822.0,2822.0,50.0,0.6675931811332703,34.35383224487305,8.421719551086426,0.4598901867866516,0.004314035642892122,0.0037888912484049797,0.9996147155761719,2596.0,2596.0,50.0,0.12639212608337402,34.81925964355469,9.604936599731445,0.45294269919395447,0.08222058415412903,0.07136797159910202,0.9765709042549133,939.0,939.0,50.0,2.080463409423828,32.28103256225586,5.4459028244018555,0.43997591733932495,0.4614216387271881,0.430989533662796,0.8837209939956665,43.0,43.0,29.0,7.251317501068115,27.211103439331055,3.428447961807251,0.45371562242507935,0.028866441920399666,0.028866440057754517,0.9923437833786011,8374.7431640625,0.418737158203125,0.6995974779129028,34.190513610839844,8.43150520324707,0.4541088342666626
27,999,0.029330549761652946,0.03428884595632553,0.9913825988769531,2785.0,2785.0,50.0,0.7277415990829468,34.24748229980469,8.45452880859375,0.45886310935020447,0.005728597287088633,0.004367176443338394,0.9984703063964844,2615.0,2615.0,50.0,0.17286616563796997,34.850223541259766,9.629949569702148,0.45401710271835327,0.07235290110111237,0.05557325482368469,0.980665922164917,931.0,931.0,50.0,1.9246141910552979,32.571346282958984,5.534217834472656,0.43985453248023987,0.37766382098197937,0.22196045517921448,0.8695651292800903,69.0,69.0,39.0,5.867043495178223,29.398868560791016,3.506713390350342,0.4565869867801666,0.029700804501771927,0.029700815677642822,0.9914063215255737,8374.666015625,0.41873330078125004,0.7305386066436768,34.197662353515625,8.45664119720459,0.45409339666366577
27,1049,0.02835475653409958,0.023542383685708046,0.9920777678489685,2777.0,2777.0,50.0,0.66773921251297,34.30558776855469,8.485036849975586,0.4586213231086731,0.004665843676775694,0.004722451791167259,1.0,2692.0,2692.0,50.0,0.14598619937896729,34.7374267578125,9.47961711883545,0.45316267013549805,0.06329980492591858,0.05920717865228653,0.9841449856758118,883.0,883.0,50.0,1.7106401920318604,33.128135681152344,5.529414653778076,0.4426601231098175,0.2567957937717438,0.2901970148086548,0.8750001192092896,48.0,48.0,31.0,5.814429759979248,27.756521224975586,3.354802131652832,0.45412251353263855,0.02492523565888405,0.024925239384174347,0.9934374690055847,8374.5859375,0.41872929687500005,0.6307647824287415,34.27566146850586,8.457121849060059,0.4540894031524658
27,1099,0.026440385729074478,0.029127519577741623,0.9928572773933411,2800.0,2800.0,50.0,0.6198700666427612,34.45984649658203,8.609763145446777,0.45999452471733093,0.005605985876172781,0.006374540738761425,0.9988506436347961,2610.0,2610.0,50.0,0.16325953602790833,34.69095993041992,9.555057525634766,0.4518131613731384,0.07969161868095398,0.04067929834127426,0.9796137809753418,932.0,932.0,50.0,2.0810441970825195,32.398250579833984,5.336815357208252,0.4432186484336853,0.2925059199333191,0.36394861340522766,0.8793103098869324,58.0,58.0,34.0,6.085213661193848,26.50959014892578,3.0124967098236084,0.44494813680648804,0.028109798207879066,0.028109785169363022,0.9923438429832458,8374.5048828125,0.418725244140625,0.6959717273712158,34.181827545166016,8.467917442321777,0.454078733921051
27,1149,0.024970808997750282,0.01936243288218975,0.9932069778442383,2797.0,2797.0,50.0,0.63071209192276,34.42265701293945,8.612105369567871,0.46039319038391113,0.006355216260999441,0.005477989558130503,0.9988678097724915,2650.0,2650.0,50.0,0.18710476160049438,34.592472076416016,9.4713134765625,0.45152783393859863,0.080824114382267,0.0835215151309967,0.9768977165222168,909.0,909.0,50.0,2.2103970050811768,32.1558952331543,5.265605449676514,0.4429476857185364,0.5040959119796753,0.4321623146533966,0.8181818723678589,44.0,44.0,29.0,8.053929328918457,25.1578426361084,2.7938694953918457,0.4400034248828888,0.02848968841135502,0.028489690274000168,0.9920312166213989,8374.4287109375,0.418721435546875,0.7224301099777222,34.107322692871094,8.452563285827637,0.45410436391830444
27,1199,0.02452046610414982,0.018185429275035858,0.9924838542938232,2927.0,2927.0,50.0,0.6570655703544617,34.200931549072266,8.476365089416504,0.4582701027393341,0.008566202595829964,0.007638650014996529,0.9973025918006897,2595.0,2595.0,50.0,0.23173415660858154,34.617919921875,9.458752632141113,0.45238807797431946,0.09972654283046722,0.10956452041864395,0.961399257183075,829.0,829.0,50.0,2.3669960498809814,32.608158111572266,5.471377849578857,0.4458191692829132,0.19924965500831604,0.20406226813793182,0.9387754797935486,49.0,49.0,31.0,4.9550652503967285,28.606386184692383,3.1475830078125,0.45338213443756104,0.029130814597010612,0.02913082018494606,0.9900001287460327,8374.3486328125,0.418717431640625,0.7390029430389404,34.1208610534668,8.44465446472168,0.4542349576950073
27,1249,0.025916030630469322,0.018687687814235687,0.99175626039505,2790.0,2790.0,50.0,0.6606590151786804,34.26887512207031,8.50408935546875,0.45827916264533997,0.004841509275138378,0.0058869109489023685,1.0,2655.0,2655.0,50.0,0.15302681922912598,34.81058883666992,9.70498275756836,0.4536047577857971,0.07601931691169739,0.06635524332523346,0.978770911693573,895.0,895.0,50.0,2.0098321437835693,32.61106491088867,5.484565734863281,0.4430856704711914,0.363707035779953,0.37451937794685364,0.8833333253860474,60.0,60.0,40.0,7.4531965255737305,25.005809783935547,2.7771289348602295,0.4496890902519226,0.027346817776560783,0.027346819639205933,0.9923437833786011,8374.2685546875,0.41871342773437503,0.7024244070053101,34.1749267578125,8.526321411132812,0.4541347622871399
27,1271,0.027386294677853584,0.028777696192264557,0.9891666173934937,1200.0,1200.0,22.0,0.7231279015541077,34.104549407958984,8.424169540405273,0.4575558304786682,0.005214235745370388,0.004782726056873798,1.0,1172.0,1172.0,22.0,0.1659988909959793,34.858665466308594,9.61455249786377,0.4546799063682556,0.08277999609708786,0.07188419997692108,0.9621621966362,370.0,370.0,22.0,2.0485074520111084,32.9666862487793,5.467072010040283,0.44326701760292053,0.3808378279209137,0.42577415704727173,0.7500001192092896,28.0,28.0,14.0,7.503596782684326,25.887582778930664,2.9521007537841797,0.4483996629714966,0.02894079126417637,0.02897714450955391,0.9877256751060486,8374.2333984375,0.41871166992187503,0.7329792380332947,34.18857192993164,8.477521896362305,0.45433783531188965
28,49,0.017562899738550186,0.015941545367240906,0.9964937567710876,2852.0,2852.0,50.0,0.5166053771972656,34.4593391418457,8.510787963867188,0.4594273567199707,0.003993136342614889,0.0030042524449527264,0.9996147155761719,2596.0,2596.0,50.0,0.12666313350200653,34.798099517822266,9.76317024230957,0.452835351228714,0.07931725680828094,0.06599529087543488,0.9755011796951294,898.0,898.0,50.0,2.0684285163879395,32.58073425292969,5.445697784423828,0.44267094135284424,0.36433643102645874,0.3742140233516693,0.8148147463798523,54.0,54.0,32.0,6.951507091522217,25.547056198120117,2.942307949066162,0.44461289048194885,0.02364947460591793,0.02364947460591793,0.9932812452316284,8374.15625,0.4187078125,0.6304697394371033,34.257957458496094,8.541730880737305,0.4542773365974426
28,99,0.022840486839413643,0.0220708716660738,0.994458019733429,2887.0,2887.0,50.0,0.5749589800834656,34.45252227783203,8.617121696472168,0.45932793617248535,0.004625929519534111,0.00514440331608057,0.9992097616195679,2531.0,2531.0,50.0,0.1425735056400299,34.80728530883789,9.712902069091797,0.4529448449611664,0.07559861242771149,0.07539213448762894,0.9718310236930847,923.0,923.0,50.0,1.972000002861023,32.667633056640625,5.580044746398926,0.44180142879486084,0.23504352569580078,0.20499084889888763,0.9152542352676392,59.0,59.0,35.0,5.499682903289795,27.300952911376953,2.9804422855377197,0.4553663432598114,0.025202160701155663,0.025202156975865364,0.9923437833786011,8374.0771484375,0.41870385742187505,0.6508433222770691,34.26947784423828,8.560502052307129,0.45423945784568787
28,149,0.025338169187307358,0.01730351150035858,0.9947014451026917,2831.0,2831.0,50.0,0.6213259696960449,34.302303314208984,8.646501541137695,0.458307147026062,0.004714158363640308,0.003800033824518323,1.0,2584.0,2584.0,50.0,0.14668622612953186,34.83812713623047,9.701762199401855,0.4538762867450714,0.07508914172649384,0.07936007529497147,0.9739978909492493,923.0,923.0,50.0,1.8951750993728638,32.9543571472168,5.609850883483887,0.4422364830970764,0.4288381040096283,0.3434580862522125,0.8387095928192139,62.0,62.0,37.0,7.310277938842773,26.23857307434082,3.005523204803467,0.44944700598716736,0.028095155954360962,0.028095154091715813,0.9923437237739563,8373.998046875,0.41869990234375004,0.6782022714614868,34.246124267578125,8.579974174499512,0.4541146755218506
28,199,0.026197820901870728,0.02020174451172352,0.992168128490448,2809.0,2809.0,50.0,0.658499002456665,34.32278823852539,8.581621170043945,0.45855456590652466,0.005772178061306477,0.007636585738509893,0.9996172785758972,2613.0,2613.0,50.0,0.16582518815994263,34.81459045410156,9.698049545288086,0.4536937177181244,0.07018470764160156,0.057219795882701874,0.9835345149040222,911.0,911.0,50.0,1.7922701835632324,32.91227340698242,5.563128471374512,0.4428790509700775,0.3376109302043915,0.40726736187934875,0.8656717538833618,67.0,67.0,37.0,6.618941783905029,26.31753158569336,3.1137900352478027,0.44162893295288086,0.027379782870411873,0.027379777282476425,0.9926562309265137,8373.9189453125,0.41869594726562503,0.6811331510543823,34.23899841308594,8.550533294677734,0.45416146516799927
28,249,0.024557532742619514,0.017774073407053947,0.9946788549423218,2819.0,2819.0,50.0,0.6444259881973267,34.187374114990234,8.447789192199707,0.45842990279197693,0.006501105614006519,0.005687262862920761,0.9988928437232971,2710.0,2710.0,50.0,0.1930067539215088,34.62595748901367,9.417628288269043,0.4524199962615967,0.06830060482025146,0.05597114935517311,0.9813664555549622,805.0,805.0,50.0,1.7867361307144165,33.13165283203125,5.554381370544434,0.44310587644577026,0.20423974096775055,0.17368286848068237,0.9393939971923828,66.0,66.0,37.0,4.656102180480957,28.223243713378906,3.019301652908325,0.45000821352005005,0.024266796186566353,0.024266794323921204,0.9942187070846558,8373.8388671875,0.41869194335937504,0.6383297443389893,34.17879104614258,8.43853759765625,0.4538707733154297
28,299,0.02128775604069233,0.02523813396692276,0.9949036240577698,2747.0,2747.0,50.0,0.5384425520896912,34.4300537109375,8.599588394165039,0.4580678343772888,0.004125645384192467,0.003182260086759925,1.0,2685.0,2685.0,50.0,0.13021817803382874,34.829280853271484,9.767374038696289,0.45365360379219055,0.06646907329559326,0.047794707119464874,0.9813187122344971,910.0,910.0,50.0,1.7054113149642944,33.23960494995117,5.454933166503906,0.4435601234436035,0.2527930736541748,0.20730037987232208,0.931034505367279,58.0,58.0,32.0,6.165857791900635,25.126558303833008,2.79714298248291,0.44841092824935913,0.022609949111938477,0.022609949111938477,0.9945312738418579,8373.759765625,0.41868798828125003,0.5841065049171448,34.343963623046875,8.58979606628418,0.45406559109687805
28,349,0.01976565271615982,0.022597169503569603,0.9963504076004028,2740.0,2740.0,50.0,0.5626453757286072,34.421600341796875,8.55079460144043,0.4594908058643341,0.005374201573431492,0.004661344923079014,0.9996289610862732,2695.0,2695.0,50.0,0.16677692532539368,34.62806701660156,9.753621101379395,0.45172375440597534,0.08150151371955872,0.07860390841960907,0.9802199006080627,910.0,910.0,50.0,2.098410129547119,32.52717208862305,5.420865058898926,0.443602979183197,0.349467933177948,0.25156939029693604,0.8909090161323547,55.0,55.0,31.0,7.21577787399292,25.04842185974121,2.8639814853668213,0.4536319375038147,0.02531694807112217,0.02531694993376732,0.9945312738418579,8373.68359375,0.41868417968750005,0.6714895963668823,34.15863037109375,8.563389778137207,0.453910768032074
28,399,0.02493060566484928,0.025848887860774994,0.9921430349349976,2800.0,2800.0,50.0,0.6198796629905701,34.25083541870117,8.5909423828125,0.4577808082103729,0.006882525514811277,0.007675893604755402,0.9981138706207275,2651.0,2651.0,50.0,0.19899959862232208,34.7040901184082,9.675766944885254,0.45360344648361206,0.06337693333625793,0.05266526713967323,0.9878588318824768,906.0,906.0,50.0,1.8150286674499512,32.78510284423828,5.4488725662231445,0.4434303939342499,0.42576876282691956,0.31301349401474,0.8604650497436523,43.0,43.0,27.0,6.865100860595703,27.613426208496094,3.2458553314208984,0.4557051956653595,0.02559044025838375,0.0255904421210289,0.9931250810623169,8373.603515625,0.41868017578125,0.6566915512084961,34.186492919921875,8.559585571289062,0.45400506258010864
28,449,0.02139883302152157,0.020017828792333603,0.9943780303001404,2846.0,2846.0,50.0,0.5912740230560303,34.294681549072266,8.600126266479492,0.4584552049636841,0.005114321131259203,0.006545677315443754,0.9992382526397705,2625.0,2625.0,50.0,0.15627159178256989,34.70598220825195,9.698936462402344,0.4522327184677124,0.06670583784580231,0.06245674937963486,0.9770115613937378,870.0,870.0,50.0,1.8538179397583008,33.04671859741211,5.656186580657959,0.4453219771385193,0.2564676105976105,0.28850120306015015,0.9322033524513245,59.0,59.0,30.0,5.9241509437561035,25.474143981933594,3.1352758407592773,0.441610723733902,0.023045597597956657,0.023045599460601807,0.9934374690055847,8373.525390625,0.41867626953125003,0.6336445212364197,34.21241760253906,8.600238800048828,0.45396244525909424
28,499,0.020939724519848824,0.021828070282936096,0.9940078258514404,2837.0,2837.0,50.0,0.5596243143081665,34.345054626464844,8.62668514251709,0.45784592628479004,0.0037403819151222706,0.0038575029466301203,0.9996185898780823,2622.0,2622.0,50.0,0.11498096585273743,34.76831817626953,9.740435600280762,0.45250827074050903,0.0639989823102951,0.058877624571323395,0.9784579277038574,882.0,882.0,50.0,1.8261442184448242,33.028846740722656,5.482441425323486,0.44700002670288086,0.3041473925113678,0.14859704673290253,0.8644067049026489,59.0,59.0,35.0,6.089380264282227,27.00581932067871,3.1053898334503174,0.442923367023468,0.02243828773498535,0.02243829146027565,0.9929687976837158,8373.447265625,0.41867236328125,0.6029792428016663,34.2694091796875,8.598758697509766,0.45402687788009644
28,549,0.022611841559410095,0.02282625623047352,0.9934688210487366,2756.0,2756.0,50.0,0.5860846042633057,34.3385124206543,8.669124603271484,0.458421915769577,0.004067756701260805,0.004536184947937727,0.9996258020401001,2672.0,2672.0,50.0,0.12330891937017441,34.780879974365234,9.855081558227539,0.4525907337665558,0.07985202223062515,0.07567954063415527,0.9709364175796509,929.0,929.0,50.0,2.0918357372283936,32.89033508300781,5.62258768081665,0.4455636739730835,0.2700962424278259,0.16818679869174957,0.8837209939956665,43.0,43.0,28.0,6.211843490600586,25.890804290771484,2.8945064544677734,0.443759948015213,0.024841247126460075,0.024841241538524628,0.9920312762260437,8373.369140625,0.41866845703125,0.6492429971694946,34.25623321533203,8.683238983154297,0.4540224075317383
28,599,0.021459635347127914,0.01872529461979866,0.9936395883560181,2830.0,2830.0,50.0,0.6031574606895447,34.18149185180664,8.577794075012207,0.4577307105064392,0.004496963694691658,0.005694730207324028,0.9992380142211914,2625.0,2625.0,50.0,0.13125711679458618,34.836849212646484,9.800203323364258,0.45360490679740906,0.07142198830842972,0.06454896181821823,0.9777281284332275,898.0,898.0,50.0,1.915010690689087,32.805118560791016,5.7039055824279785,0.44476431608200073,0.30334654450416565,0.20975545048713684,0.8936170935630798,47.0,47.0,31.0,6.116859436035156,26.71009635925293,2.7551722526550293,0.44967493414878845,0.023582737892866135,0.023582737892866135,0.9929686784744263,8373.2880859375,0.418664404296875,0.6341652274131775,34.202301025390625,8.633171081542969,0.4541599750518799
28,649,0.02131754904985428,0.019496606662869453,0.994944155216217,2769.0,2769.0,50.0,0.5683862566947937,34.28310775756836,8.784520149230957,0.4579656422138214,0.005550220608711243,0.005345040466636419,0.9988540410995483,2618.0,2618.0,50.0,0.15814308822155,34.82661437988281,9.88455867767334,0.4536568224430084,0.06292764097452164,0.05095694586634636,0.9863156676292419,950.0,950.0,50.0,1.767346978187561,32.961387634277344,5.646541118621826,0.44392240047454834,0.3388536274433136,0.21439316868782043,0.8730158805847168,63.0,63.0,34.0,5.949775695800781,27.783140182495117,3.5088882446289062,0.4522358477115631,0.024169975891709328,0.02416997030377388,0.9940625429153442,8373.2099609375,0.418660498046875,0.6315149664878845,34.24525833129883,8.716778755187988,0.4540621042251587
28,699,0.023599356412887573,0.018168415874242783,0.9933052659034729,2838.0,2838.0,50.0,0.5752367973327637,34.26216506958008,8.708250999450684,0.4568193554878235,0.004949911963194609,0.004058474209159613,1.0,2626.0,2626.0,50.0,0.1619815230369568,34.8145866394043,9.8153715133667,0.4542136788368225,0.058129649609327316,0.05146675929427147,0.9874999523162842,880.0,880.0,50.0,1.565251111984253,33.66703796386719,5.981227874755859,0.4460400342941284,0.22156521677970886,0.20581090450286865,0.875,56.0,56.0,36.0,4.900073051452637,27.504941940307617,3.2510805130004883,0.44329699873924255,0.02242736890912056,0.022427372634410858,0.9942187666893005,8373.12890625,0.4186564453125,0.5796422958374023,34.34787368774414,8.739800453186035,0.4541497230529785
28,749,0.02063162252306938,0.02706342563033104,0.9937282204627991,2870.0,2870.0,50.0,0.5253371596336365,34.47978973388672,8.83582878112793,0.45879456400871277,0.005461423192173243,0.0054189180955290794,0.9992240071296692,2578.0,2578.0,50.0,0.16249315440654755,34.68215560913086,9.797661781311035,0.4522566795349121,0.06098772957921028,0.046314988285303116,0.9833519458770752,901.0,901.0,50.0,1.6654568910598755,33.45303726196289,5.759438514709473,0.445875346660614,0.2975190281867981,0.24344810843467712,0.9019607901573181,51.0,51.0,33.0,5.960141658782959,27.609907150268555,3.389707565307617,0.45085975527763367,0.022408705204725266,0.022408707067370415,0.9937499761581421,8373.05078125,0.4186525390625,0.5829951167106628,34.36201477050781,8.746770858764648,0.4542790353298187
28,799,0.02706661820411682,0.024944599717855453,0.9913946986198425,2789.0,2789.0,50.0,0.6302886605262756,34.27651596069336,8.764408111572266,0.4579123258590698,0.005317813716828823,0.004329754505306482,0.9988784193992615,2675.0,2675.0,50.0,0.15901559591293335,34.66745376586914,9.773015022277832,0.4526141881942749,0.0801929235458374,0.059930697083473206,0.971846878528595,888.0,888.0,50.0,2.088040351867676,33.05375289916992,5.591078758239746,0.448454350233078,0.307586133480072,0.2040533870458603,0.875,48.0,48.0,30.0,6.355058193206787,26.603721618652344,3.0847384929656982,0.45013535022735596,0.02745146118104458,0.027451466768980026,0.9909374713897705,8372.9716796875,0.41864858398437504,0.6785100698471069,34.21270751953125,8.70307731628418,0.45432722568511963
28,849,0.021589575335383415,0.024209652096033096,0.9943102598190308,2812.0,2812.0,50.0,0.5585591793060303,34.413753509521484,8.786640167236328,0.4587189555168152,0.004555210471153259,0.006306048482656479,1.0,2611.0,2611.0,50.0,0.1473274976015091,34.712646484375,9.893521308898926,0.452574759721756,0.06996560841798782,0.05293780937790871,0.985838770866394,918.0,918.0,50.0,1.8342055082321167,32.93769836425781,5.62259578704834,0.44476190209388733,0.547914445400238,0.6007143259048462,0.7627118229866028,59.0,59.0,37.0,9.298468589782715,23.904273986816406,2.9608235359191895,0.44527289271354675,0.02643107995390892,0.02643108181655407,0.993281364440918,8372.892578125,0.41864462890625004,0.6543360948562622,34.227088928222656,8.730663299560547,0.45408642292022705
28,899,0.021111974492669106,0.021422266960144043,0.9968242645263672,2834.0,2834.0,50.0,0.565384566783905,34.34441375732422,8.688570022583008,0.4588187634944916,0.004417923279106617,0.007161333225667477,0.9992430210113525,2642.0,2642.0,50.0,0.13569580018520355,34.70827865600586,9.892308235168457,0.45211920142173767,0.049983296543359756,0.043686263263225555,0.9907939434051514,869.0,869.0,50.0,1.4689360857009888,33.6129264831543,5.949477195739746,0.44580990076065063,0.25222495198249817,0.31855878233909607,0.9272727370262146,55.0,55.0,33.0,4.7878313064575195,29.4561824798584,3.7619941234588623,0.44710156321525574,0.02012677490711212,0.020126771181821823,0.9964063167572021,8372.8134765625,0.41864067382812503,0.5469756722450256,34.35329055786133,8.771232604980469,0.4541860520839691
28,949,0.015523755922913551,0.0201056357473135,0.9967857599258423,2800.0,2800.0,50.0,0.44725844264030457,34.52653884887695,8.918807029724121,0.45830994844436646,0.004282920155674219,0.0032275838311761618,1.0,2638.0,2638.0,50.0,0.13631972670555115,34.701393127441406,9.840617179870605,0.45221102237701416,0.06459271907806396,0.05719586834311485,0.9823788404464722,908.0,908.0,50.0,1.7659521102905273,33.200984954833984,5.76654052734375,0.4463866651058197,0.2839963138103485,0.18703481554985046,0.8888888359069824,54.0,54.0,34.0,6.0519866943359375,28.08615493774414,3.2436323165893555,0.45846420526504517,0.020117318257689476,0.020117320120334625,0.9951562881469727,8372.7333984375,0.41863666992187504,0.5534729957580566,34.35620880126953,8.803653717041016,0.4541057348251343
28,999,0.027892963960766792,0.022652819752693176,0.9911285042762756,2818.0,2818.0,50.0,0.6291080713272095,34.379478454589844,8.938015937805176,0.4579547047615051,0.0048386636190116405,0.005681803449988365,0.9992334246635437,2609.0,2609.0,50.0,0.14753006398677826,34.67535400390625,9.8556489944458,0.45204007625579834,0.06169917434453964,0.0541844442486763,0.9837838411331177,925.0,925.0,50.0,1.6836174726486206,33.59697723388672,5.794506549835205,0.44844457507133484,0.44568851590156555,0.46004217863082886,0.7916666865348816,48.0,48.0,33.0,8.00882339477539,23.872600555419922,2.5902769565582275,0.4327778220176697,0.026514258235692978,0.02651425451040268,0.9918750524520874,8372.654296875,0.41863271484375003,0.6405472159385681,34.308197021484375,8.810152053833008,0.4539802372455597
28,1049,0.018994459882378578,0.016032813116908073,0.995999813079834,2750.0,2750.0,50.0,0.5337074995040894,34.41823959350586,8.783082962036133,0.4588969349861145,0.0038987353909760714,0.003195069497451186,1.0,2701.0,2701.0,50.0,0.12347212433815002,34.68175506591797,9.89834976196289,0.45161423087120056,0.07222355157136917,0.060202185064554214,0.9756367802619934,903.0,903.0,50.0,1.913809895515442,33.22598648071289,5.743241310119629,0.4470575451850891,0.3447989225387573,0.3576766550540924,0.8478261232376099,46.0,46.0,29.0,6.684964656829834,26.417301177978516,3.0913264751434326,0.44251981377601624,0.022475607693195343,0.022475602105259895,0.9937499761581421,8372.576171875,0.41862880859375,0.5995113253593445,34.30372619628906,8.783947944641113,0.454035222530365
28,1099,0.02606557495892048,0.022397499531507492,0.9925400614738464,2815.0,2815.0,50.0,0.6308464407920837,34.33399963378906,8.775385856628418,0.45942047238349915,0.00422879820689559,0.005234371405094862,0.9992343783378601,2612.0,2612.0,50.0,0.13222019374370575,34.7130126953125,9.916996002197266,0.45218342542648315,0.08124970644712448,0.06762467324733734,0.9747530221939087,911.0,911.0,50.0,2.0494415760040283,32.72688293457031,5.6159162521362305,0.4434698820114136,0.34040114283561707,0.3720252513885498,0.8709676861763,62.0,62.0,32.0,6.451103210449219,27.84099769592285,3.255483865737915,0.45442360639572144,0.028053686022758484,0.028053682297468185,0.9915626049041748,8372.498046875,0.41862490234375,0.6856565475463867,34.197021484375,8.7381010055542,0.45414799451828003
28,1149,0.02056986838579178,0.025149580091238022,0.9943321943283081,2823.0,2823.0,50.0,0.4880400002002716,34.56427001953125,8.943174362182617,0.45911067724227905,0.005698864348232746,0.004394021350890398,0.9988332986831665,2571.0,2571.0,50.0,0.15493562817573547,34.63740158081055,9.903059959411621,0.45134955644607544,0.0819343775510788,0.09172824770212173,0.9739040732383728,958.0,958.0,50.0,1.9807270765304565,32.964481353759766,5.596803188323975,0.4457046687602997,0.24146151542663574,0.31924527883529663,0.8958333730697632,48.0,48.0,32.0,5.213403224945068,28.713159561157227,3.6707608699798584,0.4572668969631195,0.0254380963742733,0.02543809451162815,0.9923437833786011,8372.416015625,0.41862080078125,0.6131024956703186,34.31029510498047,8.788325309753418,0.45397233963012695
28,1199,0.026927845552563667,0.02784603461623192,0.9930770397186279,2889.0,2889.0,50.0,0.6695237159729004,34.209312438964844,8.646026611328125,0.45841193199157715,0.0053600892424583435,0.006126341409981251,0.9992295503616333,2596.0,2596.0,50.0,0.16685928404331207,34.65861129760742,9.833980560302734,0.4523780643939972,0.053088635206222534,0.03699522837996483,0.9860787987709045,862.0,862.0,50.0,1.4505842924118042,33.77578353881836,6.056161403656006,0.44422560930252075,0.19546517729759216,0.17346294224262238,0.9433962106704712,53.0,53.0,34.0,4.8069257736206055,28.23017692565918,3.286982536315918,0.45700541138648987,0.02309865690767765,0.0230986550450325,0.994218647480011,8372.3388671875,0.418616943359375,0.6050924062728882,34.283653259277344,8.734687805175781,0.45404207706451416
28,1249,0.018522372469305992,0.015182619914412498,0.9933542609214783,2859.0,2859.0,50.0,0.5411542654037476,34.34337615966797,8.647287368774414,0.45803987979888916,0.004158617928624153,0.004155724309384823,0.999622106552124,2646.0,2646.0,50.0,0.12972894310951233,34.56786346435547,9.794103622436523,0.4506096839904785,0.0704050287604332,0.06966030597686768,0.9786222577095032,842.0,842.0,50.0,1.921455979347229,33.225948333740234,5.440703868865967,0.4497668147087097,0.32923969626426697,0.45918285846710205,0.8679245710372925,53.0,53.0,35.0,7.192710876464844,25.87315559387207,2.8876733779907227,0.45941784977912903,0.021982800215482712,0.021982796490192413,0.992968738079071,8372.259765625,0.41861298828125004,0.6077347993850708,34.219032287597656,8.651861190795898,0.45389091968536377
28,1271,0.024719275534152985,0.02416764572262764,0.9942101240158081,1209.0,1209.0,22.0,0.5633168816566467,34.415592193603516,8.85551643371582,0.45825091004371643,0.0043648178689181805,0.0036315955221652985,1.0,1142.0,1142.0,22.0,0.134203240275383,34.68950653076172,10.031902313232422,0.4520703852176666,0.06498365849256516,0.05718216672539711,0.98499995470047,400.0,400.0,22.0,1.7894811630249023,33.370086669921875,5.835651874542236,0.44782009720802307,0.4111108183860779,0.30062490701675415,0.8421053290367126,19.0,19.0,13.0,7.826035022735596,23.288625717163086,2.3197948932647705,0.44342470169067383,0.024522749707102776,0.024792347103357315,0.9942238330841064,8372.2236328125,0.418611181640625,0.6132842302322388,34.30122375488281,8.859599113464355,0.45409488677978516
29,49,0.01682562194764614,0.014109708368778229,0.9975618124008179,2871.0,2871.0,50.0,0.46584898233413696,34.517921447753906,8.862517356872559,0.458560585975647,0.003956228028982878,0.003959534224122763,1.0,2604.0,2604.0,50.0,0.12653857469558716,34.57878112792969,9.904712677001953,0.4503321051597595,0.05763522535562515,0.06220385432243347,0.9896433353424072,869.0,869.0,50.0,1.5054925680160522,34.05963897705078,5.885037422180176,0.45030277967453003,0.16297881305217743,0.1482280045747757,0.9285714030265808,56.0,56.0,34.0,4.329510688781738,28.087318420410156,3.195708990097046,0.44637641310691833,0.018409404903650284,0.018409404903650284,0.996874988079071,8372.1435546875,0.418607177734375,0.5027631521224976,34.424190521240234,8.832690238952637,0.45398473739624023
29,99,0.016025325283408165,0.015100996941328049,0.9971109628677368,2769.0,2769.0,50.0,0.4666571021080017,34.40260696411133,8.894755363464355,0.45735520124435425,0.00435365317389369,0.00626310845836997,0.9996277689933777,2687.0,2687.0,50.0,0.13713937997817993,34.634803771972656,9.929793357849121,0.45157864689826965,0.0494733527302742,0.04174626246094704,0.9920546412467957,881.0,881.0,50.0,1.430751919746399,34.11701965332031,6.004822731018066,0.4503030478954315,0.18052120506763458,0.19734257459640503,0.9523810148239136,63.0,63.0,37.0,4.303990364074707,28.835176467895508,3.5684807300567627,0.45491454005241394,0.0173486415296793,0.017348632216453552,0.9970313310623169,8372.064453125,0.41860322265625,0.4987986087799072,34.405975341796875,8.87906265258789,0.4539351761341095
29,149,0.017310194671154022,0.012578640133142471,0.9956834316253662,2780.0,2780.0,50.0,0.44842246174812317,34.548213958740234,8.937722206115723,0.4583936929702759,0.003273559035733342,0.0031931546982377768,0.9996203780174255,2634.0,2634.0,50.0,0.10303014516830444,34.64480972290039,10.063556671142578,0.45093461871147156,0.07097519189119339,0.07204412668943405,0.9840254187583923,939.0,939.0,50.0,1.851191520690918,33.48073196411133,5.665709972381592,0.44930538535118103,0.37905681133270264,0.41878363490104675,0.8510637879371643,47.0,47.0,32.0,6.645036697387695,27.0850830078125,2.991269826889038,0.4497550427913666,0.0220634862780571,0.02206348069012165,0.9945312738418579,8371.986328125,0.41859931640625003,0.5575908422470093,34.37654113769531,8.877338409423828,0.4539269506931305
29,199,0.02327476628124714,0.0193964634090662,0.9933122992515564,2841.0,2841.0,50.0,0.5793185234069824,34.3323860168457,8.805068016052246,0.4580775201320648,0.0038131484761834145,0.0031629749573767185,0.9996172189712524,2612.0,2612.0,50.0,0.12083608657121658,34.66547775268555,10.004705429077148,0.4514448940753937,0.050309911370277405,0.044172871857881546,0.9911699891090393,906.0,906.0,50.0,1.4694489240646362,33.86122512817383,5.868134498596191,0.44869497418403625,0.19039763510227203,0.21490442752838135,0.9268292784690857,41.0,41.0,26.0,4.930110454559326,27.780433654785156,3.485400676727295,0.45287132263183594,0.02022979035973549,0.02022978849709034,0.9951563477516174,8371.91015625,0.41859550781250005,0.5460817217826843,34.359657287597656,8.844831466674805,0.4540090262889862
29,249,0.016633421182632446,0.02009771764278412,0.9960784912109375,2805.0,2805.0,50.0,0.48511216044425964,34.44767379760742,8.993494987487793,0.45863109827041626,0.0028178184293210506,0.002613389864563942,1.0,2642.0,2642.0,50.0,0.09504695236682892,34.62031555175781,9.924155235290527,0.45045918226242065,0.04773120954632759,0.04779617488384247,0.9911208748817444,901.0,901.0,50.0,1.3706778287887573,34.105224609375,5.8333587646484375,0.4488743245601654,0.34094640612602234,0.4674845337867737,0.884615421295166,52.0,52.0,29.0,6.233948707580566,27.54193687438965,3.213541030883789,0.45759478211402893,0.01794319786131382,0.01794319599866867,0.99609375,8371.830078125,0.41859150390625,0.49546870589256287,34.41462326049805,8.885833740234375,0.45387566089630127
29,299,0.02065606787800789,0.024822663515806198,0.9944035410881042,2859.0,2859.0,50.0,0.5201910138130188,34.472232818603516,9.002190589904785,0.458798885345459,0.005172660108655691,0.0031612026505172253,0.9980323314666748,2541.0,2541.0,50.0,0.1339479684829712,34.61082077026367,10.077726364135742,0.450023353099823,0.07184439152479172,0.05947994440793991,0.9778012037277222,946.0,946.0,50.0,1.9887511730194092,33.082618713378906,5.703241348266602,0.4494871199131012,0.3208119571208954,0.30536895990371704,0.8703703880310059,54.0,54.0,30.0,5.566534996032715,27.15308380126953,3.2376770973205566,0.4450407326221466,0.024607516825199127,0.02460750937461853,0.9923436641693115,8371.7509765625,0.41858754882812504,0.6264904737472534,34.26009750366211,8.892948150634766,0.4538222551345825
29,349,0.016937371343374252,0.01681482046842575,0.996156632900238,2862.0,2862.0,50.0,0.453982949256897,34.601219177246094,9.050077438354492,0.4592549502849579,0.0045593492686748505,0.0029764999635517597,0.9992195963859558,2563.0,2563.0,50.0,0.13401667773723602,34.64570617675781,9.87515640258789,0.45073172450065613,0.051048919558525085,0.041435692459344864,0.9859155416488647,923.0,923.0,50.0,1.4009124040603638,33.91463088989258,5.998112678527832,0.4464288353919983,0.313896507024765,0.2793271243572235,0.8461538553237915,52.0,52.0,34.0,6.584229946136475,26.06395149230957,3.1728549003601074,0.4498416483402252,0.01931268908083439,0.019312677904963493,0.994687557220459,8371.6708984375,0.418583544921875,0.5122196674346924,34.450653076171875,8.892592430114746,0.45391541719436646
29,399,0.016271647065877914,0.013600779697299004,0.996143102645874,2852.0,2852.0,50.0,0.47056275606155396,34.559024810791016,8.963238716125488,0.4595268666744232,0.006098122335970402,0.0057738907635211945,0.9992408156394958,2634.0,2634.0,50.0,0.18485142290592194,34.336429595947266,9.724945068359375,0.4489521384239197,0.05259580910205841,0.056952133774757385,0.9918981790542603,864.0,864.0,50.0,1.4813812971115112,34.053504943847656,5.7649431228637695,0.4507777988910675,0.18793946504592896,0.12244831770658493,0.9199999570846558,50.0,50.0,35.0,3.775097608566284,30.44927406311035,3.8185579776763916,0.4520750641822815,0.018329519778490067,0.018329523503780365,0.9962500929832458,8371.591796875,0.41857958984375004,0.515251874923706,34.367061614990234,8.804765701293945,0.4539353847503662
29,449,0.016014015302062035,0.01313203014433384,0.9971500039100647,2807.0,2807.0,50.0,0.46365490555763245,34.3837890625,8.90970230102539,0.4572669267654419,0.004038720857352018,0.00442461995407939,0.9992411136627197,2636.0,2636.0,50.0,0.125558003783226,34.73149108886719,9.998909950256348,0.45230913162231445,0.06100691854953766,0.056810371577739716,0.9821627140045166,897.0,897.0,50.0,1.691712737083435,33.618377685546875,5.880152702331543,0.4490183889865875,0.2981853783130646,0.34182965755462646,0.8666667342185974,60.0,60.0,37.0,6.010406970977783,26.853782653808594,3.0459070205688477,0.450192928314209,0.020033083856105804,0.020033083856105804,0.9946874380111694,8371.5126953125,0.41857563476562504,0.5485220551490784,34.34912872314453,8.87873649597168,0.4540025591850281
29,499,0.017809534445405006,0.023866303265094757,0.9945513606071472,2753.0,2753.0,50.0,0.43868085741996765,34.580570220947266,9.035591125488281,0.4584195017814636,0.004463814198970795,0.005316757131367922,1.0,2635.0,2635.0,50.0,0.1394217312335968,34.6037712097168,10.184321403503418,0.4515787363052368,0.05173388123512268,0.03954625874757767,0.9875129461288452,961.0,961.0,50.0,1.4118139743804932,34.01756286621094,6.078388214111328,0.44781890511512756,0.15710262954235077,0.1539480984210968,0.9411764740943909,51.0,51.0,30.0,3.9734601974487305,30.10509490966797,3.6619091033935547,0.4573645293712616,0.01851879246532917,0.01851879432797432,0.9953124523162842,8371.4345703125,0.418571728515625,0.48976007103919983,34.46991729736328,9.02168083190918,0.45400288701057434
29,549,0.019128425046801567,0.019374102354049683,0.9957641959190369,2833.0,2833.0,50.0,0.5003259778022766,34.3653678894043,8.995744705200195,0.45793697237968445,0.003966234158724546,0.003924041986465454,0.9992356300354004,2617.0,2617.0,50.0,0.11923625320196152,34.66513442993164,10.001916885375977,0.4512554705142975,0.05747717246413231,0.05801074951887131,0.9900552034378052,905.0,905.0,50.0,1.5339356660842896,34.07992935180664,6.12332010269165,0.4507206082344055,0.19421866536140442,0.2822398245334625,0.9555556178092957,45.0,45.0,30.0,3.825702667236328,30.266883850097656,3.6480295658111572,0.4490422308444977,0.019582360982894897,0.019582366570830345,0.9960936307907104,8371.3544921875,0.418567724609375,0.5140364766120911,34.418766021728516,8.963394165039062,0.4541218876838684
29,599,0.019214186817407608,0.021915117278695107,0.9942836761474609,2799.0,2799.0,50.0,0.5567007064819336,34.3883171081543,8.940223693847656,0.4596158564090729,0.004530029371380806,0.005274811293929815,0.9992579221725464,2695.0,2695.0,50.0,0.14483506977558136,34.475189208984375,9.895909309387207,0.44984012842178345,0.05233091488480568,0.039303962141275406,0.9858489632606506,848.0,848.0,50.0,1.4373635053634644,34.150508880615234,6.184876441955566,0.4484947621822357,0.12470345199108124,0.13484668731689453,0.9655172228813171,58.0,58.0,36.0,3.3023722171783447,31.31889533996582,3.814864158630371,0.4617447257041931,0.018374744802713394,0.018374741077423096,0.9950000047683716,8371.275390625,0.41856376953125,0.524837076663971,34.365570068359375,8.931124687194824,0.4540451169013977
29,649,0.01804996095597744,0.017728501930832863,0.9968432784080505,2851.0,2851.0,50.0,0.4365878403186798,34.39129638671875,8.924714088439941,0.45640429854393005,0.003959284629672766,0.004751379601657391,0.9996182918548584,2620.0,2620.0,50.0,0.12305470556020737,34.66622543334961,10.113204002380371,0.45195677876472473,0.06372320652008057,0.040452975779771805,0.9827784299850464,871.0,871.0,50.0,1.71829092502594,33.87295913696289,5.95393180847168,0.4524335265159607,0.218844935297966,0.2713617980480194,0.9310345649719238,58.0,58.0,34.0,5.762753486633301,25.671405792236328,2.871436834335327,0.452679306268692,0.020317135378718376,0.020317137241363525,0.9954688549041748,8371.1962890625,0.418559814453125,0.5309353470802307,34.354278564453125,8.952089309692383,0.454009473323822
29,699,0.02130822092294693,0.021602284163236618,0.9940434694290161,2854.0,2854.0,50.0,0.529765248298645,34.36197280883789,8.901611328125,0.4579239785671234,0.0037274332717061043,0.0037538199685513973,1.0,2626.0,2626.0,50.0,0.12051856517791748,34.55229568481445,10.170307159423828,0.4502870440483093,0.04694705456495285,0.04299183189868927,0.9872831106185913,865.0,865.0,50.0,1.3402241468429565,34.381202697753906,6.111873149871826,0.45051297545433044,0.21390262246131897,0.20612062513828278,0.9636363387107849,55.0,55.0,33.0,4.385003089904785,28.792438507080078,3.4714510440826416,0.45612359046936035,0.019214965403079987,0.019214961677789688,0.995312511920929,8371.1171875,0.418555859375,0.5045157670974731,34.39480209350586,8.998456954956055,0.4537733197212219
29,749,0.016664518043398857,0.022064652293920517,0.9957249760627747,2807.0,2807.0,50.0,0.45592212677001953,34.44554138183594,9.06363582611084,0.4575961232185364,0.0034545650705695152,0.002962808357551694,1.0,2635.0,2635.0,50.0,0.10930167883634567,34.653175354003906,10.21422290802002,0.4514908492565155,0.056148651987314224,0.04251791909337044,0.9843748807907104,896.0,896.0,50.0,1.5468398332595825,33.94224166870117,6.032212257385254,0.45020005106925964,0.44549158215522766,0.6199454069137573,0.806451678276062,62.0,62.0,33.0,7.984290599822998,24.22158432006836,2.7926595211029053,0.44535109400749207,0.020907770842313766,0.020907774567604065,0.9940624237060547,8371.037109375,0.41855185546875,0.5388715267181396,34.36152267456055,9.052204132080078,0.4539283812046051
29,799,0.0186434518545866,0.022216113284230232,0.99528968334198,2760.0,2760.0,50.0,0.4583863615989685,34.57935333251953,9.089252471923828,0.45870983600616455,0.002925845794379711,0.0034304549917578697,1.0,2635.0,2635.0,50.0,0.09564044326543808,34.70050048828125,10.24777889251709,0.45120030641555786,0.06066344305872917,0.03787937015295029,0.9829058051109314,936.0,936.0,50.0,1.639709234237671,33.609092712402344,5.902360439300537,0.4468972384929657,0.3558412790298462,0.3654322028160095,0.8695651292800903,69.0,69.0,39.0,7.120493412017822,26.998613357543945,3.1779565811157227,0.4557661712169647,0.021953051909804344,0.021953057497739792,0.9940624237060547,8370.9580078125,0.418547900390625,0.5536313652992249,34.405601501464844,9.036425590515137,0.45385870337486267
29,849,0.01864481531083584,0.015329658053815365,0.995678722858429,2777.0,2777.0,50.0,0.5176304578781128,34.416927337646484,8.946714401245117,0.4583052694797516,0.004475121386349201,0.004206566605716944,0.9996285438537598,2692.0,2692.0,50.0,0.1448546200990677,34.551273345947266,9.934799194335938,0.4510383605957031,0.05417732894420624,0.04671977832913399,0.9884259700775146,864.0,864.0,50.0,1.5031561851501465,33.84235763549805,6.008978366851807,0.44806042313575745,0.27288922667503357,0.35292738676071167,0.8805971145629883,67.0,67.0,34.0,5.779125690460205,27.327598571777344,3.2262961864471436,0.45019519329071045,0.02014319784939289,0.02014319971203804,0.9951562285423279,8370.8779296875,0.418543896484375,0.5489588975906372,34.3216552734375,8.905847549438477,0.4537806510925293
29,899,0.02098008245229721,0.01705191843211651,0.9947201013565063,2841.0,2841.0,50.0,0.5293002724647522,34.446022033691406,9.015374183654785,0.4592021107673645,0.00557201262563467,0.005164902191609144,0.9992342591285706,2612.0,2612.0,50.0,0.16497065126895905,34.44882583618164,9.981501579284668,0.4498250484466553,0.0730445384979248,0.06199072301387787,0.9736551642417908,911.0,911.0,50.0,1.853192925453186,33.521209716796875,6.001133918762207,0.44816944003105164,0.30067178606987,0.3469126224517822,0.8888888359069824,36.0,36.0,26.0,5.513071537017822,28.274805068969727,3.096257448196411,0.4538106620311737,0.023675987496972084,0.023675978183746338,0.9929686784744263,8370.798828125,0.41853994140625,0.5970897674560547,34.28081512451172,8.947320938110352,0.4537743330001831
29,949,0.022503705695271492,0.01963423751294613,0.9931605458259583,2778.0,2778.0,50.0,0.5524216890335083,34.42219924926758,8.924813270568848,0.45891639590263367,0.004186323378235102,0.003440769389271736,0.9996298551559448,2702.0,2702.0,50.0,0.1315099000930786,34.48632049560547,9.904112815856934,0.4500659108161926,0.0555134043097496,0.05364556983113289,0.9839265942573547,871.0,871.0,50.0,1.5412468910217285,33.85674285888672,5.766260147094727,0.44912490248680115,0.2801026701927185,0.23383378982543945,0.8979592323303223,49.0,49.0,29.0,6.197641372680664,26.19607162475586,2.9858500957489014,0.44908323884010315,0.021234992891550064,0.021234992891550064,0.9939062595367432,8370.720703125,0.41853603515625004,0.5525121092796326,34.30933380126953,8.862932205200195,0.45377200841903687
29,999,0.019291086122393608,0.01830700971186161,0.9944482445716858,2882.0,2882.0,50.0,0.5131117701530457,34.41303253173828,9.027129173278809,0.4582250118255615,0.004287629388272762,0.0043672434985637665,0.9996154308319092,2600.0,2600.0,50.0,0.1362144947052002,34.54130172729492,10.00316333770752,0.4504561722278595,0.06133986636996269,0.047274328768253326,0.9792863726615906,869.0,869.0,50.0,1.6566500663757324,33.70724868774414,6.024747848510742,0.44895485043525696,0.2971360981464386,0.5330052971839905,0.8979592323303223,49.0,49.0,33.0,5.746755599975586,28.39699363708496,3.055663585662842,0.4553891122341156,0.02103262022137642,0.02103261835873127,0.9937499761581421,8370.640625,0.41853203125000005,0.5553383827209473,34.32324981689453,8.970256805419922,0.45378848910331726
29,1049,0.01583152264356613,0.01686895452439785,0.9971671104431152,2824.0,2824.0,50.0,0.4330575168132782,34.40568542480469,9.157025337219238,0.4566517770290375,0.0033685783855617046,0.00384490261785686,0.999609649181366,2562.0,2562.0,50.0,0.10219845175743103,34.742271423339844,10.288494110107422,0.45212745666503906,0.06557706743478775,0.0578143410384655,0.9841938614845276,949.0,949.0,50.0,1.6974478960037231,33.624237060546875,5.9513773918151855,0.4497155249118805,0.29922395944595337,0.27135753631591797,0.8769230842590332,65.0,65.0,35.0,5.514991283416748,28.172908782958984,3.430354118347168,0.4532677233219147,0.021096989512443542,0.021096985787153244,0.9950000047683716,8370.5625,0.41852812500000003,0.5397092700004578,34.36125183105469,9.076467514038086,0.4537777602672577
29,1099,0.01798594743013382,0.01696629263460636,0.9953835010528564,2816.0,2816.0,50.0,0.4919659197330475,34.39436721801758,9.017126083374023,0.4575349688529968,0.0034590119030326605,0.0029361099004745483,1.0,2600.0,2600.0,50.0,0.11196519434452057,34.61207962036133,10.22380542755127,0.45077598094940186,0.05384012684226036,0.044628582894802094,0.9869564771652222,920.0,920.0,50.0,1.4643223285675049,34.06390380859375,6.145871162414551,0.45017334818840027,0.2664876878261566,0.2594689726829529,0.9218749403953552,64.0,64.0,37.0,5.112974166870117,28.140308380126953,3.4195635318756104,0.44934406876564026,0.019723430275917053,0.01972343400120735,0.9953124523162842,8370.482421875,0.41852412109375003,0.5235769152641296,34.372764587402344,9.038620948791504,0.45364898443222046
29,1149,0.018628183752298355,0.011603142134845257,0.9953454732894897,2793.0,2793.0,50.0,0.4965720772743225,34.447139739990234,9.042013168334961,0.45865723490715027,0.004336856305599213,0.003910072613507509,0.9996235370635986,2656.0,2656.0,50.0,0.1336674690246582,34.47061538696289,9.951789855957031,0.4492329955101013,0.05933741480112076,0.06679210811853409,0.9855073094367981,897.0,897.0,50.0,1.5715535879135132,33.945655822753906,5.945685863494873,0.45134374499320984,0.342227578163147,0.3884114623069763,0.8703703880310059,54.0,54.0,35.0,6.035067558288574,27.777507781982422,3.357288122177124,0.4430534243583679,0.021133309230208397,0.0211333055049181,0.9946874976158142,8370.404296875,0.41852021484375,0.543363094329834,34.330322265625,8.93763542175293,0.4535894989967346
29,1199,0.019480621442198753,0.012494745664298534,0.9960516095161438,2786.0,2786.0,50.0,0.5032101273536682,34.32941818237305,9.00710391998291,0.4571389853954315,0.004410897847265005,0.002506175311282277,0.9988675713539124,2649.0,2649.0,50.0,0.12493149191141129,34.63487243652344,10.082518577575684,0.4512646198272705,0.06390933692455292,0.05059786140918732,0.9834436774253845,906.0,906.0,50.0,1.7118922472000122,33.587669372558594,5.926307678222656,0.4503190219402313,0.22514782845973969,0.37711891531944275,0.932203471660614,59.0,59.0,33.0,4.94954776763916,28.360578536987305,3.6746180057525635,0.4494549334049225,0.021428603678941727,0.021428603678941727,0.9948437213897705,8370.32421875,0.4185162109375,0.5587319731712341,34.29581832885742,8.966940879821777,0.45367127656936646
29,1249,0.01641179621219635,0.020960841327905655,0.9964338541030884,2804.0,2804.0,50.0,0.47849658131599426,34.526859283447266,9.065088272094727,0.4593781530857086,0.0036061990540474653,0.0033090696670114994,0.9996206164360046,2636.0,2636.0,50.0,0.11463146656751633,34.51858901977539,10.060624122619629,0.44918903708457947,0.05094071850180626,0.04152727872133255,0.9900881052017212,908.0,908.0,50.0,1.3371983766555786,34.31236267089844,6.1924848556518555,0.4497228264808655,0.325823575258255,0.23286248743534088,0.8653845191001892,52.0,52.0,34.0,5.92656135559082,27.621501922607422,3.3337228298187256,0.44208815693855286,0.018550250679254532,0.01855025440454483,0.995781421661377,8370.244140625,0.41851220703125,0.49472349882125854,34.43691635131836,9.02100658416748,0.4536711871623993
29,1271,0.02440011128783226,0.024140680208802223,0.9926531314849854,1225.0,1225.0,22.0,0.5986691117286682,34.31764602661133,9.035919189453125,0.4587773084640503,0.00648314505815506,0.006291642319411039,0.998259425163269,1149.0,1149.0,22.0,0.18927714228630066,34.28120040893555,10.043051719665527,0.4482843577861786,0.03778384253382683,0.02900741808116436,0.9920424818992615,377.0,377.0,22.0,1.1026215553283691,35.021034240722656,6.602913856506348,0.45266762375831604,0.2837617099285126,0.19795750081539154,0.8421052694320679,19.0,19.0,13.0,5.697817802429199,29.307748794555664,3.4057576656341553,0.4498901963233948,0.02050204575061798,0.020568683743476868,0.9938628673553467,8370.2099609375,0.418510498046875,0.5324172973632812,34.36389923095703,9.0839262008667,0.453532338142395
30,49,0.01438046433031559,0.017784100025892258,0.9971650838851929,2822.0,2822.0,50.0,0.3967970907688141,34.57235336303711,9.19908332824707,0.4581005275249481,0.0038776106666773558,0.002722510602325201,0.9996134042739868,2587.0,2587.0,50.0,0.11758644878864288,34.53739547729492,10.13640308380127,0.4498032033443451,0.056465595960617065,0.058675337582826614,0.9837837219238281,925.0,925.0,50.0,1.5480151176452637,33.978885650634766,5.941860198974609,0.4508580267429352,0.25348562002182007,0.21293886005878448,0.8787878751754761,66.0,66.0,37.0,5.212081432342529,27.68722152709961,3.3009445667266846,0.44991546869277954,0.018683401867747307,0.018683403730392456,0.9949999451637268,8370.1318359375,0.418506591796875,0.49997952580451965,34.40144348144531,9.046370506286621,0.4536154270172119
30,99,0.015391538850963116,0.016148675233125687,0.9979415535926819,2915.0,2915.0,50.0,0.44922953844070435,34.36608123779297,9.076838493347168,0.45718735456466675,0.004032973665744066,0.004218590445816517,0.9996068477630615,2544.0,2544.0,50.0,0.1276434063911438,34.484405517578125,10.024712562561035,0.4495432674884796,0.04334583505988121,0.028124677017331123,0.9909604787826538,885.0,885.0,50.0,1.282326579093933,34.557491302490234,6.11242151260376,0.45360657572746277,0.18522492051124573,0.08976925164461136,0.9285714626312256,56.0,56.0,31.0,3.5351626873016357,30.88081932067871,3.8695225715637207,0.4471430778503418,0.016228104010224342,0.01622810587286949,0.9970312118530273,8370.0517578125,0.418502587890625,0.4636026918888092,34.409088134765625,8.998130798339844,0.4535658359527588
30,149,0.013336773961782455,0.012310102581977844,0.9978803992271423,2831.0,2831.0,50.0,0.40906038880348206,34.49381637573242,9.040008544921875,0.45812371373176575,0.004168703220784664,0.0034619683865457773,0.9996232986450195,2655.0,2655.0,50.0,0.12825702130794525,34.44829559326172,10.003745079040527,0.4493506848812103,0.0564589761197567,0.05041758716106415,0.9860950112342834,863.0,863.0,50.0,1.490485668182373,34.1745491027832,6.141625881195068,0.4515926241874695,0.1887153834104538,0.19377104938030243,0.8823529481887817,51.0,51.0,37.0,4.423909664154053,27.932111740112305,3.385662078857422,0.4416884183883667,0.01674576662480831,0.016745764762163162,0.9960936307907104,8369.9736328125,0.41849868164062504,0.47038763761520386,34.37959289550781,9.003921508789062,0.4534726142883301
30,199,0.014625114388763905,0.01644103415310383,0.9967902302742004,2804.0,2804.0,50.0,0.3960498869419098,34.434574127197266,9.141555786132812,0.4569399952888489,0.0029671366792172194,0.0030724683310836554,1.0,2614.0,2614.0,50.0,0.09524170309305191,34.59363555908203,10.279483795166016,0.45037418603897095,0.046721331775188446,0.03538445383310318,0.9879781603813171,915.0,915.0,50.0,1.3395346403121948,34.406124114990234,6.293854236602783,0.45238393545150757,0.11997231841087341,0.15219135582447052,0.9701493382453918,67.0,67.0,35.0,3.393204927444458,28.97850227355957,3.4211196899414062,0.445859432220459,0.015555168502032757,0.015555168502032757,0.9965624809265137,8369.8935546875,0.41849467773437504,0.4394538402557373,34.4383544921875,9.139309883117676,0.4534909129142761
30,249,0.013043807819485664,0.011541858315467834,0.9964297413825989,2801.0,2801.0,50.0,0.36689674854278564,34.69989013671875,9.298676490783691,0.45875245332717896,0.003274562768638134,0.004168914631009102,0.9996169805526733,2611.0,2611.0,50.0,0.10090678930282593,34.40008544921875,10.218574523925781,0.447842001914978,0.04702172428369522,0.03923694044351578,0.9922823309898376,907.0,907.0,50.0,1.3400026559829712,34.532981872558594,6.420436382293701,0.45272865891456604,0.18986645340919495,0.11960284411907196,0.9629629850387573,81.0,81.0,44.0,3.389887571334839,32.09746170043945,3.9658968448638916,0.4639034867286682,0.016111476346850395,0.016111481934785843,0.99671870470047,8369.8154296875,0.418490771484375,0.4345482587814331,34.52098846435547,9.198572158813477,0.45351284742355347
30,299,0.016108054667711258,0.022872719913721085,0.9961254000663757,2839.0,2839.0,50.0,0.4115755259990692,34.454994201660156,9.262224197387695,0.45653408765792847,0.003538243006914854,0.0033696023747324944,0.9996156692504883,2601.0,2601.0,50.0,0.11265833675861359,34.58305358886719,10.132685661315918,0.4502774775028229,0.041203003376722336,0.03767477348446846,0.987964928150177,914.0,914.0,50.0,1.1797049045562744,34.835880279541016,6.468088150024414,0.4522155821323395,0.2143973857164383,0.22840943932533264,0.9130434989929199,46.0,46.0,27.0,4.023003101348877,31.87397003173828,4.059891700744629,0.46604862809181213,0.016008682548999786,0.016008682548999786,0.9957813024520874,8369.7353515625,0.41848676757812503,0.4257493317127228,34.54288101196289,9.179555892944336,0.4534430205821991
30,349,0.016720492392778397,0.01560469064861536,0.9953702688217163,2808.0,2808.0,50.0,0.4558942914009094,34.41102981567383,9.131185531616211,0.4578520953655243,0.003881460288539529,0.0034954817965626717,0.9992414712905884,2637.0,2637.0,50.0,0.11672411113977432,34.40427017211914,10.144538879394531,0.44805556535720825,0.045906390994787216,0.03494982421398163,0.9932735562324524,892.0,892.0,50.0,1.3930244445800781,34.509033203125,6.132558822631836,0.45645368099212646,0.2572675943374634,0.2919950485229492,0.8888888955116272,63.0,63.0,39.0,5.046517372131348,29.393756866455078,3.7090985774993896,0.450805127620697,0.01786608248949051,0.01786608062684536,0.9956248998641968,8369.6572265625,0.418482861328125,0.4919470548629761,34.37251663208008,9.077411651611328,0.45355135202407837
30,399,0.01932237669825554,0.023724818602204323,0.9961402416229248,2850.0,2850.0,50.0,0.48307010531425476,34.461116790771484,9.129018783569336,0.45822393894195557,0.003475690959021449,0.004780463874340057,0.9996175765991211,2615.0,2615.0,50.0,0.10947497934103012,34.36805725097656,10.148503303527832,0.44782567024230957,0.03799644485116005,0.025094622746109962,0.9908256530761719,872.0,872.0,50.0,1.175403118133545,34.960853576660156,6.322054862976074,0.45537617802619934,0.16623081266880035,0.18891747295856476,0.920634925365448,63.0,63.0,35.0,4.0377631187438965,28.387670516967773,3.3523852825164795,0.44131502509117126,0.01683799736201763,0.016837991774082184,0.99609375,8369.578125,0.41847890625,0.45974335074424744,34.431396484375,9.106261253356934,0.45342081785202026
30,449,0.01622244343161583,0.01949165016412735,0.996842086315155,2850.0,2850.0,50.0,0.3948156535625458,34.532630920410156,9.29747486114502,0.4577455222606659,0.0032913959585130215,0.002175238449126482,0.9996171593666077,2612.0,2612.0,50.0,0.10606762766838074,34.31295394897461,10.129157066345215,0.4472048878669739,0.04923368617892265,0.042661961168050766,0.9932811260223389,893.0,893.0,50.0,1.480130910873413,34.46184539794922,6.10152006149292,0.45756635069847107,0.12032124400138855,0.11943938583135605,0.9777777791023254,45.0,45.0,33.0,3.481252908706665,29.836008071899414,3.71376633644104,0.4612719416618347,0.016283007338643074,0.016283005475997925,0.9973437786102295,8369.498046875,0.41847490234375,0.45010727643966675,34.40007781982422,9.151708602905273,0.45344340801239014
30,499,0.014415360987186432,0.01877596601843834,0.9964349865913391,2805.0,2805.0,50.0,0.3754796087741852,34.685264587402344,9.346600532531738,0.459124892950058,0.0031799031421542168,0.002581113250926137,0.9996179342269897,2617.0,2617.0,50.0,0.09914197772741318,34.44575500488281,10.306352615356445,0.44850775599479675,0.03994930535554886,0.03656650707125664,0.9935205578804016,926.0,926.0,50.0,1.1922650337219238,34.59640121459961,6.445801734924316,0.45143958926200867,0.22912880778312683,0.15676547586917877,0.9423077702522278,52.0,52.0,35.0,5.025954246520996,27.46192169189453,3.4094860553741455,0.4551337957382202,0.015260103158652782,0.015260101296007633,0.9968750476837158,8369.4169921875,0.41847084960937503,0.41844719648361206,34.51578140258789,9.271100997924805,0.45363909006118774
30,549,0.013873090036213398,0.015798762440681458,0.9967614412307739,2779.0,2779.0,50.0,0.4163517653942108,34.584896087646484,9.280261039733887,0.4593905806541443,0.0043828459456563,0.0038591937627643347,0.9996236562728882,2657.0,2657.0,50.0,0.1347140371799469,34.392723083496094,10.351911544799805,0.44869446754455566,0.05297375097870827,0.05373197793960571,0.985838770866394,918.0,918.0,50.0,1.4608933925628662,34.29402542114258,6.464552402496338,0.45134806632995605,0.2322338968515396,0.1540776938199997,0.9565218091011047,46.0,46.0,28.0,4.343201637268066,28.253965377807617,3.5313050746917725,0.44604921340942383,0.017111122608184814,0.017111126333475113,0.99609375,8369.337890625,0.41846689453125,0.4774788022041321,34.41788864135742,9.279964447021484,0.45370054244995117
30,599,0.01582629233598709,0.013839572668075562,0.9954192638397217,2838.0,2838.0,50.0,0.453255295753479,34.41045379638672,9.19566822052002,0.45786333084106445,0.0026965695433318615,0.0033776250202208757,1.0,2641.0,2641.0,50.0,0.08910715579986572,34.50657272338867,10.241945266723633,0.44887202978134155,0.04003690928220749,0.03505874425172806,0.9919725060462952,872.0,872.0,50.0,1.1333147287368774,35.026649475097656,6.608651161193848,0.4538174867630005,0.21583861112594604,0.14875862002372742,0.8979592323303223,49.0,49.0,31.0,4.689586162567139,28.670467376708984,3.3423078060150146,0.45261484384536743,0.015238271094858646,0.015238271094858646,0.99609375,8369.2578125,0.41846289062500003,0.4280797839164734,34.49012756347656,9.230125427246094,0.45356157422065735
30,649,0.015453467145562172,0.024162478744983673,0.9968277812004089,2837.0,2837.0,50.0,0.3612108528614044,34.589229583740234,9.455039024353027,0.45728322863578796,0.004386840853840113,0.004114287905395031,0.9992172122001648,2555.0,2555.0,50.0,0.1350208967924118,34.48749542236328,10.35187816619873,0.44990819692611694,0.04970117285847664,0.03682665526866913,0.9894177913665771,945.0,945.0,50.0,1.442594051361084,34.327537536621094,6.249790668487549,0.4535675644874573,0.2600894570350647,0.3167615532875061,0.9047619104385376,63.0,63.0,38.0,6.374878406524658,23.94452476501465,2.9375181198120117,0.43765178322792053,0.018500488251447678,0.01850048452615738,0.9957812428474426,8369.1806640625,0.418459033203125,0.48978161811828613,34.405189514160156,9.275642395019531,0.4535970687866211
30,699,0.012313317507505417,0.008434085175395012,0.9975114464759827,2813.0,2813.0,50.0,0.3806907832622528,34.52171325683594,9.193458557128906,0.4576016366481781,0.005090343300253153,0.0029781758785247803,0.9992480278015137,2660.0,2660.0,50.0,0.12937849760055542,34.44316482543945,10.16389274597168,0.44861724972724915,0.043104711920022964,0.04114246368408203,0.9863945245742798,882.0,882.0,50.0,1.2828963994979858,34.70787811279297,6.2718939781188965,0.45452481508255005,0.2276339828968048,0.2376396209001541,0.9111111760139465,45.0,45.0,28.0,4.272345542907715,30.204975128173828,4.021028518676758,0.4544059932231903,0.01506868191063404,0.015068680047988892,0.9960936307907104,8369.1015625,0.41845507812500005,0.42793750762939453,34.48436737060547,9.157798767089844,0.4534209966659546
30,749,0.013332591392099857,0.011303264647722244,0.9972018599510193,2859.0,2859.0,50.0,0.38352954387664795,34.62517166137695,9.2643404006958,0.4586762487888336,0.0036511896178126335,0.0030691870488226414,0.9996148347854614,2597.0,2597.0,50.0,0.11377304792404175,34.44905090332031,10.182817459106445,0.44864141941070557,0.051292784512043,0.03343135491013527,0.9843050241470337,892.0,892.0,50.0,1.371416449546814,34.41429901123047,6.331852436065674,0.4504578113555908,0.1707785427570343,0.16728483140468597,0.942307710647583,52.0,52.0,34.0,3.748131513595581,30.402156829833984,3.850963592529297,0.4615972638130188,0.015974007546901703,0.015974011272192,0.9959374666213989,8369.021484375,0.41845107421875,0.4390915632247925,34.4900016784668,9.184341430664062,0.45348256826400757
30,799,0.01650083065032959,0.015178102999925613,0.9960187673568726,2763.0,2763.0,50.0,0.41148141026496887,34.52017593383789,9.233630180358887,0.45752444863319397,0.00312064285390079,0.002776463981717825,1.0,2691.0,2691.0,50.0,0.10449805855751038,34.38882827758789,10.193120956420898,0.4480109214782715,0.04308294132351875,0.041954655200242996,0.9887514710426331,889.0,889.0,50.0,1.1716376543045044,35.10649490356445,6.280093193054199,0.4558189809322357,0.1362117975950241,0.08123777061700821,0.9473685026168823,57.0,57.0,33.0,3.6759395599365234,30.474979400634766,3.6976966857910156,0.46225377917289734,0.0156334787607193,0.01563347689807415,0.9962499737739563,8368.9404296875,0.418447021484375,0.41706904768943787,34.5103645324707,9.177496910095215,0.45332950353622437
30,849,0.017199896275997162,0.01556958258152008,0.9953521490097046,2797.0,2797.0,50.0,0.47824883460998535,34.465354919433594,9.232934951782227,0.4592072665691376,0.0035656290128827095,0.003578459145501256,1.0,2688.0,2688.0,50.0,0.1153176948428154,34.27462387084961,10.144371032714844,0.4466591775417328,0.051471054553985596,0.04786274954676628,0.9883041977882385,855.0,855.0,50.0,1.370327353477478,34.73827362060547,6.395625114440918,0.4551283121109009,0.2582714259624481,0.1671828329563141,0.8666666746139526,60.0,60.0,36.0,5.072757720947266,29.882843017578125,3.6417887210845947,0.4579830765724182,0.01831195503473282,0.018311962485313416,0.9951562881469727,8368.861328125,0.41844306640625,0.4880673885345459,34.378746032714844,9.184273719787598,0.45338064432144165
30,899,0.011605024337768555,0.012046086601912975,0.9978649020195007,2810.0,2810.0,50.0,0.35432934761047363,34.5595588684082,9.34079360961914,0.4576379060745239,0.0030551112722605467,0.004075897857546806,1.0,2616.0,2616.0,50.0,0.10006788372993469,34.401268005371094,10.311738014221191,0.4479878544807434,0.050594158470630646,0.034236129373311996,0.9924160838127136,923.0,923.0,50.0,1.5061429738998413,34.33758544921875,6.176001071929932,0.45602601766586304,0.24578474462032318,0.22705036401748657,0.9019607901573181,51.0,51.0,30.0,5.348470211029053,27.917430877685547,3.0019850730895996,0.4595915675163269,0.015599338337779045,0.015599330887198448,0.9971875548362732,8368.7822265625,0.418439111328125,0.45631012320518494,34.409915924072266,9.230731964111328,0.45347654819488525
30,949,0.014140844345092773,0.01180316973477602,0.997451663017273,2747.0,2747.0,50.0,0.4065968692302704,34.551239013671875,9.359500885009766,0.45779573917388916,0.002849642653018236,0.0025879056192934513,1.0,2687.0,2687.0,50.0,0.09403243660926819,34.42939376831055,10.321544647216797,0.4487171769142151,0.04003399610519409,0.03622334077954292,0.9934065937995911,910.0,910.0,50.0,1.134755253791809,35.04607391357422,6.561366081237793,0.4540133774280548,0.18196183443069458,0.1137828603386879,0.9285714030265808,56.0,56.0,34.0,4.078845977783203,30.60155487060547,3.975316286087036,0.46516290307044983,0.014550420455634594,0.014550420455634594,0.9973436594009399,8368.703125,0.41843515625,0.41103583574295044,34.53588104248047,9.318437576293945,0.4535108208656311
30,999,0.015499074943363667,0.01377898920327425,0.9967414736747742,2762.0,2762.0,50.0,0.3989655077457428,34.58182907104492,9.298762321472168,0.4577990770339966,0.003898774506524205,0.0026218316052109003,0.9992501735687256,2667.0,2667.0,50.0,0.11880060285329819,34.41937255859375,10.422812461853027,0.4485454261302948,0.05143899843096733,0.06150916963815689,0.9889626502990723,906.0,906.0,50.0,1.417953610420227,34.592933654785156,6.443879127502441,0.4545256793498993,0.23740926384925842,0.3310260772705078,0.9076924324035645,65.0,65.0,37.0,5.488596439361572,27.037227630615234,3.28427791595459,0.4553033113479614,0.01800652965903282,0.01800653338432312,0.9957813024520874,8368.625,0.41843125000000003,0.478157639503479,34.43907928466797,9.301946640014648,0.4534541666507721
30,1049,0.016567412763834,0.015615510754287243,0.9961361289024353,2847.0,2847.0,50.0,0.4680839776992798,34.36873245239258,9.16814136505127,0.4573681950569153,0.003827769076451659,0.0033302076626569033,0.9996219873428345,2646.0,2646.0,50.0,0.12243693321943283,34.31413650512695,10.199158668518066,0.44774189591407776,0.04694651439785957,0.04312963783740997,0.9872832298278809,865.0,865.0,50.0,1.28998863697052,34.95261764526367,6.507045745849609,0.45648398995399475,0.3142271339893341,0.3658716678619385,0.8571428060531616,42.0,42.0,29.0,5.71679162979126,28.956268310546875,3.2253053188323975,0.45021852850914,0.017359688878059387,0.01735968329012394,0.9954686164855957,8368.54296875,0.4184271484375,0.47071072459220886,34.389556884765625,9.195737838745117,0.45322185754776
30,1099,0.01608329825103283,0.012824881821870804,0.9971999526023865,2857.0,2857.0,50.0,0.4490160346031189,34.39896774291992,9.245844841003418,0.4575917422771454,0.0029340581968426704,0.0018024684395641088,0.9996187686920166,2623.0,2623.0,50.0,0.08984175324440002,34.342018127441406,10.283711433410645,0.4472008943557739,0.04782188683748245,0.06347097456455231,0.987399697303772,873.0,873.0,50.0,1.3327058553695679,34.95817565917969,6.433190822601318,0.4572649598121643,0.25434410572052,0.2303345501422882,0.9361701607704163,47.0,47.0,31.0,5.003042221069336,28.431793212890625,3.33402681350708,0.4527832567691803,0.01677323877811432,0.01677323319017887,0.9964062571525574,8368.4638671875,0.418423193359375,0.45579513907432556,34.408084869384766,9.244129180908203,0.45325323939323425
30,1149,0.013472243212163448,0.014053141698241234,0.9964539408683777,2820.0,2820.0,50.0,0.3823294937610626,34.47381591796875,9.352211952209473,0.4568745195865631,0.0035055875778198242,0.004130954388529062,0.999233067035675,2608.0,2608.0,50.0,0.10795249044895172,34.36906814575195,10.46265983581543,0.4478786289691925,0.04530154541134834,0.042100243270397186,0.9913885593414307,929.0,929.0,50.0,1.2967182397842407,34.789756774902344,6.308692932128906,0.4566679000854492,0.10613542795181274,0.0901406779885292,0.9767442345619202,43.0,43.0,30.0,3.228771924972534,30.467676162719727,3.343315839767456,0.4607309103012085,0.01465363334864378,0.014653634279966354,0.9967187643051147,8368.3857421875,0.41841928710937504,0.4223746657371521,34.4500732421875,9.322561264038086,0.4532046318054199
30,1199,0.014854439534246922,0.014280511066317558,0.9967993497848511,2812.0,2812.0,50.0,0.42402732372283936,34.480899810791016,9.459400177001953,0.45805275440216064,0.003114393213763833,0.003683589631691575,1.0,2604.0,2604.0,50.0,0.09897243976593018,34.428733825683594,10.46972942352295,0.44822457432746887,0.03957127779722214,0.030222229659557343,0.9914438724517822,935.0,935.0,50.0,1.1870664358139038,34.85440444946289,6.475037574768066,0.45406216382980347,0.15614286065101624,0.1976955533027649,0.9387755393981934,49.0,49.0,32.0,4.352961540222168,30.372766494750977,4.0244140625,0.47552797198295593,0.01477042119950056,0.01477042306214571,0.996874988079071,8368.3056640625,0.41841528320312504,0.433326780796051,34.4827880859375,9.39286994934082,0.45360469818115234
30,1249,0.015538664534687996,0.019979842007160187,0.9967660903930664,2783.0,2783.0,50.0,0.434092253446579,34.452239990234375,9.245176315307617,0.4577183723449707,0.003654611762613058,0.0032381736673414707,0.9988875389099121,2697.0,2697.0,50.0,0.10589848458766937,34.34246063232422,10.427274703979492,0.447454571723938,0.044577792286872864,0.029965586960315704,0.9860790371894836,862.0,862.0,50.0,1.249105453491211,35.19013214111328,6.661076545715332,0.45737895369529724,0.2057894915342331,0.1582583785057068,0.9482758641242981,58.0,58.0,35.0,4.173272609710693,29.438596725463867,3.5884017944335938,0.4533465802669525,0.016166003420948982,0.01616600528359413,0.9957811832427979,8368.2275390625,0.418411376953125,0.4394477605819702,34.45992660522461,9.344009399414062,0.4533078074455261
30,1271,0.013204029761254787,0.01711171492934227,0.9974576830863953,1180.0,1180.0,22.0,0.3403974771499634,34.69366455078125,9.586594581604004,0.45815154910087585,0.0017701098695397377,0.002362145809456706,1.0,1144.0,1144.0,22.0,0.05801277235150337,34.393211364746094,10.523091316223145,0.44674429297447205,0.0670526847243309,0.049102410674095154,0.979166567325592,432.0,432.0,22.0,1.9319267272949219,33.738826751708984,6.0138654708862305,0.45817995071411133,0.24593865871429443,0.1803072839975357,0.9285714626312256,14.0,14.0,12.0,4.385854244232178,31.886089324951172,3.273329734802246,0.4716549217700958,0.017841210588812828,0.018056195229291916,0.9953068494796753,8368.1943359375,0.418409716796875,0.49242958426475525,34.40647506713867,9.384265899658203,0.4535130560398102
31,49,0.0118789067491889,0.00820500124245882,0.9971139430999756,2772.0,2772.0,50.0,0.3333449959754944,34.6007080078125,9.440149307250977,0.45697876811027527,0.002999634714797139,0.002571048913523555,0.9996225833892822,2650.0,2650.0,50.0,0.09474115818738937,34.4785270690918,10.482444763183594,0.44898343086242676,0.03309480473399162,0.029784247279167175,0.9945235848426819,913.0,913.0,50.0,1.0084006786346436,35.29757308959961,6.682240962982178,0.4547193944454193,0.17859360575675964,0.1239423155784607,0.9230769872665405,65.0,65.0,36.0,3.8904342651367188,30.25184440612793,3.670163154602051,0.45770564675331116,0.012922112829983234,0.01292211003601551,0.9970312118530273,8368.1142578125,0.418405712890625,0.36697569489479065,34.60536193847656,9.41969108581543,0.45335322618484497
31,99,0.016829364001750946,0.018166834488511086,0.9964936971664429,2852.0,2852.0,50.0,0.39960575103759766,34.49531936645508,9.369954109191895,0.45747795701026917,0.002323346445336938,0.0030775261111557484,1.0,2608.0,2608.0,50.0,0.07466325163841248,34.34871292114258,10.376782417297363,0.4473976492881775,0.03854211047291756,0.0284802857786417,0.9931584000587463,877.0,877.0,50.0,1.1569987535476685,35.124305725097656,6.55476713180542,0.45688775181770325,0.1716143786907196,0.26407578587532043,0.9523809552192688,63.0,63.0,33.0,3.8605618476867676,30.584259033203125,3.739501953125,0.4613535702228546,0.01541715394705534,0.01541715208441019,0.9970312714576721,8368.0322265625,0.41840161132812503,0.4050469994544983,34.48326873779297,9.339044570922852,0.4533275067806244
31,149,0.013727089390158653,0.01101734023541212,0.9975396394729614,2845.0,2845.0,50.0,0.3923129439353943,34.57551574707031,9.445640563964844,0.4581160247325897,0.0026763572823256254,0.0021892478689551353,1.0,2588.0,2588.0,50.0,0.08768084645271301,34.37697982788086,10.412527084350586,0.4476083517074585,0.03995686024427414,0.035022057592868805,0.9923914670944214,920.0,920.0,50.0,1.1278568506240845,35.04338455200195,6.499674320220947,0.45501384139060974,0.18627230823040009,0.10429678857326508,0.9787235260009766,47.0,47.0,27.0,4.045787334442139,29.503822326660156,3.674368381500244,0.45850566029548645,0.014296107925474644,0.014296106994152069,0.9976562857627869,8367.953125,0.41839765625,0.4016919732093811,34.525245666503906,9.370759963989258,0.4534239172935486
31,199,0.008931090123951435,0.007940585725009441,0.9992889165878296,2813.0,2813.0,50.0,0.2832397520542145,34.61601257324219,9.51680850982666,0.4569847285747528,0.0025165053084492683,0.0029058833606541157,1.0,2626.0,2626.0,50.0,0.08122748136520386,34.47909164428711,10.42420768737793,0.4490205943584442,0.033033136278390884,0.032344572246074677,0.9933260083198547,899.0,899.0,50.0,0.956620454788208,35.282039642333984,6.6811394691467285,0.45359325408935547,0.09852926433086395,0.07991881668567657,0.9838709831237793,62.0,62.0,36.0,2.5262413024902344,32.12143325805664,4.122152328491211,0.4553125500679016,0.010552672669291496,0.010552671737968922,0.9985936880111694,8367.873046875,0.41839365234375003,0.3166695833206177,34.62922286987305,9.438541412353516,0.4532243311405182
31,249,0.013508772477507591,0.011303114704787731,0.998235821723938,2834.0,2834.0,50.0,0.3731438219547272,34.42811965942383,9.377103805541992,0.45625215768814087,0.003151856828480959,0.0035927235148847103,1.0,2664.0,2664.0,50.0,0.10241389274597168,34.3551025390625,10.318574905395508,0.44812142848968506,0.03953290358185768,0.02947954833507538,0.9906869530677795,859.0,859.0,50.0,1.1265395879745483,35.449607849121094,6.763227462768555,0.4576832354068756,0.1003713309764862,0.07633132487535477,0.9767441749572754,43.0,43.0,28.0,2.7173573970794678,32.480838775634766,4.160969257354736,0.46925705671310425,0.0132742403075099,0.013274241238832474,0.9978125095367432,8367.794921875,0.41838974609375,0.3773225247859955,34.52174377441406,9.383113861083984,0.45314717292785645
31,299,0.011723813600838184,0.009055698290467262,0.9992972016334534,2846.0,2846.0,50.0,0.36690402030944824,34.49515151977539,9.395359992980957,0.45750606060028076,0.003357399022206664,0.004486767575144768,0.999621570110321,2643.0,2643.0,50.0,0.10233764350414276,34.28154373168945,10.362488746643066,0.44698962569236755,0.03558715060353279,0.04073330760002136,0.9918793439865112,862.0,862.0,50.0,1.0385712385177612,35.51607131958008,6.49723482131958,0.45892781019210815,0.15819291770458221,0.11009267717599869,0.9591836929321289,49.0,49.0,29.0,3.835665702819824,29.673490524291992,3.6320950984954834,0.45499297976493835,0.012604244984686375,0.012604243122041225,0.9981249570846558,8367.7158203125,0.418385791015625,0.37466925382614136,34.50752639770508,9.3602876663208,0.45333534479141235
31,349,0.011871397495269775,0.010353858582675457,0.9985474944114685,2754.0,2754.0,50.0,0.32143884897232056,34.59197998046875,9.641117095947266,0.4571082293987274,0.002382781123742461,0.002068445784971118,1.0,2637.0,2637.0,50.0,0.07889863103628159,34.476314544677734,10.618363380432129,0.4485546946525574,0.04288189858198166,0.021742478013038635,0.9904660582542419,944.0,944.0,50.0,1.2245891094207764,35.001502990722656,6.5549211502075195,0.4562143385410309,0.2758548855781555,0.3101169764995575,0.9076923727989197,65.0,65.0,41.0,5.305142402648926,28.70383071899414,3.359846591949463,0.4521341025829315,0.015216921456158161,0.015216922387480736,0.9970312118530273,8367.6357421875,0.418381787109375,0.40533512830734253,34.544925689697266,9.524765014648438,0.4534015357494354
31,399,0.011701716110110283,0.009466358460485935,0.9975661039352417,2876.0,2876.0,50.0,0.34703534841537476,34.63755416870117,9.622499465942383,0.45868757367134094,0.0031914953142404556,0.0025975911412388086,0.9992157816886902,2550.0,2550.0,50.0,0.09683355689048767,34.28495788574219,10.410666465759277,0.4463028609752655,0.036663658916950226,0.025138009339571,0.9923413395881653,914.0,914.0,50.0,1.0020707845687866,35.309478759765625,6.5401835441589355,0.45529061555862427,0.18798606097698212,0.12882967293262482,0.9333333969116211,60.0,60.0,41.0,4.492972373962402,29.539405822753906,3.9390597343444824,0.45699429512023926,0.013528467155992985,0.01352846808731556,0.9968750476837158,8367.55859375,0.41837792968750004,0.3797609806060791,34.545230865478516,9.443058967590332,0.45325201749801636
31,449,0.01206525880843401,0.013483615592122078,0.9971989393234253,2856.0,2856.0,50.0,0.3644281029701233,34.64327621459961,9.519943237304688,0.4588465988636017,0.004434730391949415,0.0059329005889594555,0.998840868473053,2588.0,2588.0,50.0,0.1308348923921585,34.16707229614258,10.45545482635498,0.4455447494983673,0.03840911015868187,0.028787687420845032,0.9945235252380371,913.0,913.0,50.0,1.2079206705093384,35.052005767822266,6.695476531982422,0.4573616683483124,0.18522806465625763,0.11326397210359573,0.9302325248718262,43.0,43.0,27.0,4.3082804679870605,29.0115966796875,3.556978225708008,0.4509426951408386,0.013901215977966785,0.01390121690928936,0.9970312714576721,8367.4755859375,0.418373779296875,0.41679608821868896,34.4711799621582,9.455249786376953,0.4532027244567871
31,499,0.01458725519478321,0.012946302071213722,0.9958230257034302,2873.0,2873.0,50.0,0.38081714510917664,34.614356994628906,9.440308570861816,0.45823290944099426,0.0031356813851743937,0.0036000527907162905,1.0,2627.0,2627.0,50.0,0.10124470293521881,34.27052688598633,10.361202239990234,0.4466080963611603,0.03793465718626976,0.03523801267147064,0.9893742203712463,847.0,847.0,50.0,1.0532370805740356,35.534053802490234,6.749102592468262,0.4567320942878723,0.14760291576385498,0.16401302814483643,0.9622641801834106,53.0,53.0,34.0,3.5220232009887695,30.739120483398438,3.3401877880096436,0.461273729801178,0.01407815981656313,0.014078160747885704,0.9964061975479126,8367.3984375,0.418369921875,0.3810650706291199,34.56285095214844,9.411624908447266,0.45328783988952637
31,549,0.009827587753534317,0.00806232076138258,0.9992861151695251,2802.0,2802.0,50.0,0.3101078271865845,34.59038543701172,9.667381286621094,0.4574136435985565,0.002588496310636401,0.0024954306427389383,1.0,2634.0,2634.0,50.0,0.08385342359542847,34.32838439941406,10.52534294128418,0.4470462501049042,0.036417409777641296,0.04318417236208916,0.9933628439903259,904.0,904.0,50.0,1.0731040239334106,35.42417907714844,6.622777938842773,0.4584704339504242,0.14374743402004242,0.15008309483528137,0.916666567325592,60.0,60.0,35.0,3.51254940032959,30.2458553314209,3.772714376449585,0.45359233021736145,0.011859562247991562,0.011859560385346413,0.9979687333106995,8367.3173828125,0.418365869140625,0.35478609800338745,34.559600830078125,9.535173416137695,0.45326027274131775
31,599,0.011462291702628136,0.011719594709575176,0.9971630573272705,2820.0,2820.0,50.0,0.34080976247787476,34.60715866088867,9.54791259765625,0.4580490291118622,0.0020899069495499134,0.002063634805381298,1.0,2620.0,2620.0,50.0,0.06697691977024078,34.337684631347656,10.653939247131348,0.44646766781806946,0.03319838270545006,0.0314188078045845,0.9932960271835327,895.0,895.0,50.0,1.016814947128296,35.5140266418457,6.838729381561279,0.45809316635131836,0.1826557070016861,0.1830110251903534,0.9692308306694031,65.0,65.0,34.0,4.489012718200684,27.940088272094727,3.328519344329834,0.45357027649879456,0.012403815053403378,0.012403811328113079,0.997499942779541,8367.2373046875,0.418361865234375,0.36537474393844604,34.55595016479492,9.558664321899414,0.4532685875892639
31,649,0.010651003569364548,0.008288063108921051,0.9981837868690491,2753.0,2753.0,50.0,0.3075503408908844,34.724609375,9.70906925201416,0.45845380425453186,0.003431448247283697,0.003701065666973591,0.9996238946914673,2659.0,2659.0,50.0,0.10583312809467316,34.207218170166016,10.576447486877441,0.4457155764102936,0.04182744026184082,0.03571436181664467,0.9903949499130249,937.0,937.0,50.0,1.2188715934753418,35.186702728271484,6.674293041229248,0.4586678445339203,0.28468790650367737,0.26851293444633484,0.8823529481887817,51.0,51.0,35.0,5.282829284667969,29.20054054260254,3.5572664737701416,0.45284005999565125,0.014399660751223564,0.014399660751223564,0.9967187643051147,8367.158203125,0.41835791015625,0.3968130350112915,34.53328323364258,9.576105117797852,0.4531480669975281
31,699,0.014899947680532932,0.011746710166335106,0.9968209862709045,2831.0,2831.0,50.0,0.41271138191223145,34.45277404785156,9.487221717834473,0.4573918581008911,0.0029752401169389486,0.0025728566106408834,1.0,2646.0,2646.0,50.0,0.09691211581230164,34.33485794067383,10.48911190032959,0.44759127497673035,0.03441901504993439,0.03549101948738098,0.9930233359336853,860.0,860.0,50.0,1.0200529098510742,35.579734802246094,6.813086032867432,0.4577445983886719,0.12493523955345154,0.1305433064699173,0.9682539701461792,63.0,63.0,34.0,2.756953239440918,32.125972747802734,4.3659443855285645,0.4569453299045563,0.013675861060619354,0.013675861060619354,0.9973437786102295,8367.078125,0.41835390625,0.3868357539176941,34.532554626464844,9.491691589355469,0.4533829092979431
31,749,0.011257587000727654,0.011531820520758629,0.9978624582290649,2807.0,2807.0,50.0,0.33780214190483093,34.64149475097656,9.685765266418457,0.45813220739364624,0.0026913911569863558,0.0036362973041832447,0.999618649482727,2622.0,2622.0,50.0,0.08218012005090714,34.26081085205078,10.515735626220703,0.44648778438568115,0.03659011423587799,0.021259242668747902,0.9956663846969604,923.0,923.0,50.0,1.0626639127731323,35.35417175292969,6.612175941467285,0.45758578181266785,0.15125888586044312,0.09273596853017807,0.9166666865348816,48.0,48.0,28.0,3.5951430797576904,30.32413673400879,3.9657976627349854,0.45646965503692627,0.01245155744254589,0.01245155744254589,0.9976562261581421,8367.0,0.41835,0.3620457053184509,34.555931091308594,9.53962516784668,0.4532703161239624
31,799,0.011380057781934738,0.011847229674458504,0.9982314109802246,2827.0,2827.0,50.0,0.3296869993209839,34.56446075439453,9.480901718139648,0.45724114775657654,0.0033315729815512896,0.002942653140053153,1.0,2646.0,2646.0,50.0,0.10590509325265884,34.28336715698242,10.548871994018555,0.44702744483947754,0.037867557257413864,0.027484815567731857,0.9909090995788574,880.0,880.0,50.0,1.0995981693267822,35.48457717895508,6.775287628173828,0.45850154757499695,0.1463320106267929,0.13638442754745483,0.957446813583374,47.0,47.0,31.0,3.8044354915618896,29.900985717773438,3.4569146633148193,0.46052637696266174,0.012685596011579037,0.012685596942901611,0.9976562857627869,8366.9189453125,0.418345947265625,0.368547648191452,34.5405158996582,9.506179809570312,0.4532158672809601
31,849,0.010553774423897266,0.007661106064915657,0.9974919557571411,2791.0,2791.0,50.0,0.31736844778060913,34.5689811706543,9.628398895263672,0.45711326599121094,0.0032276108395308256,0.0028899621684104204,0.9988713264465332,2658.0,2658.0,50.0,0.09673967212438583,34.3878173828125,10.572092056274414,0.4481625258922577,0.04281686991453171,0.05522498860955238,0.983370304107666,902.0,902.0,50.0,1.1922019720077515,35.23931121826172,6.813082218170166,0.45654404163360596,0.2726687788963318,0.19246450066566467,0.8979592323303223,49.0,49.0,28.0,4.833726406097412,29.62383270263672,3.5704052448272705,0.4609423279762268,0.014065027236938477,0.014065025374293327,0.9953124523162842,8366.8408203125,0.418342041015625,0.38361379504203796,34.55035400390625,9.57716178894043,0.45334500074386597
31,899,0.012836157344281673,0.010777968913316727,0.9978940486907959,2849.0,2849.0,50.0,0.3790515959262848,34.39398956298828,9.583566665649414,0.4567338824272156,0.00336785102263093,0.0029637664556503296,0.9996170401573181,2611.0,2611.0,50.0,0.10950660705566406,34.2838134765625,10.623390197753906,0.4472528398036957,0.031064417213201523,0.027392972260713577,0.9954699277877808,883.0,883.0,50.0,0.9330248236656189,35.79297637939453,6.8242058753967285,0.45901063084602356,0.2138584405183792,0.16705575585365295,0.9473683834075928,57.0,57.0,39.0,3.747197151184082,31.007713317871094,4.051008224487305,0.4582144618034363,0.013278670608997345,0.013278668746352196,0.9978125691413879,8366.7607421875,0.418338037109375,0.3755142092704773,34.511898040771484,9.577802658081055,0.45319321751594543
31,949,0.011030947789549828,0.01254282146692276,0.9981904029846191,2763.0,2763.0,50.0,0.32592636346817017,34.65386962890625,9.66878890991211,0.4581766128540039,0.002363749546930194,0.001814457937143743,1.0,2699.0,2699.0,50.0,0.07811956107616425,34.25657653808594,10.499442100524902,0.44608575105667114,0.0433594174683094,0.03324603661894798,0.9898191094398499,884.0,884.0,50.0,1.234885334968567,35.211334228515625,6.749914646148682,0.4583819806575775,0.12610429525375366,0.09157799184322357,0.9814815521240234,54.0,54.0,32.0,2.994345188140869,31.377899169921875,3.795191764831543,0.4564873278141022,0.012812125496566296,0.012812129221856594,0.9976562857627869,8366.6806640625,0.418334033203125,0.36948633193969727,34.535682678222656,9.566362380981445,0.45309174060821533
31,999,0.015103308483958244,0.015367758460342884,0.9964131116867065,2788.0,2788.0,50.0,0.4272446930408478,34.429779052734375,9.592913627624512,0.45735689997673035,0.002566396724432707,0.002341865561902523,0.9996264576911926,2677.0,2677.0,50.0,0.08248212188482285,34.27751541137695,10.567408561706543,0.4463505744934082,0.04713134840130806,0.03571641817688942,0.9898073673248291,883.0,883.0,50.0,1.3400275707244873,35.26336669921875,6.809353828430176,0.46084606647491455,0.17742250859737396,0.13509486615657806,0.9230769872665405,52.0,52.0,35.0,3.73219895362854,30.096059799194336,3.984816074371338,0.4537869393825531,0.015597068704664707,0.015597064048051834,0.9962499141693115,8366.6015625,0.418330078125,0.43582525849342346,34.44588851928711,9.570916175842285,0.45320555567741394
31,1049,0.0112183578312397,0.010231652297079563,0.9978829026222229,2834.0,2834.0,50.0,0.3215542137622833,34.570465087890625,9.62588882446289,0.45704981684684753,0.002950542140752077,0.0021792242769151926,1.0,2612.0,2612.0,50.0,0.09329336136579514,34.31072235107422,10.652153968811035,0.4473210871219635,0.04285131394863129,0.04057527706027031,0.9933333992958069,900.0,900.0,50.0,1.200439214706421,35.34811782836914,6.716902256011963,0.4591858983039856,0.14533689618110657,0.16519853472709656,0.9629630446434021,54.0,54.0,34.0,3.3923332691192627,30.037172317504883,3.7910990715026855,0.44785183668136597,0.013424067758023739,0.013424064964056015,0.9978125095367432,8366.521484375,0.41832607421875,0.3778981566429138,34.53556823730469,9.58642578125,0.4533020555973053
31,1099,0.010581583715975285,0.008111669681966305,0.9982331991195679,2830.0,2830.0,50.0,0.2971653342247009,34.59438705444336,9.800378799438477,0.45666608214378357,0.0024457620456814766,0.002954197349026799,1.0,2566.0,2566.0,50.0,0.08264455199241638,34.37730026245117,10.725038528442383,0.4473344087600708,0.03475847840309143,0.03500807285308838,0.9936776161193848,949.0,949.0,50.0,1.058071494102478,35.384742736816406,6.60711145401001,0.45832690596580505,0.1358955204486847,0.22246097028255463,0.9454545974731445,55.0,55.0,36.0,3.688967227935791,31.351272583007812,3.8635029792785645,0.47180071473121643,0.011981525458395481,0.011981524527072906,0.9978125095367432,8366.4423828125,0.418322119140625,0.35313233733177185,34.59667205810547,9.646587371826172,0.45330098271369934
31,1149,0.013033539056777954,0.015638120472431183,0.9967718720436096,2788.0,2788.0,50.0,0.3673379123210907,34.53545379638672,9.829297065734863,0.45772069692611694,0.0030731309670954943,0.002990888198837638,1.0,2609.0,2609.0,50.0,0.09737540036439896,34.318626403808594,10.689643859863281,0.44723841547966003,0.03892911598086357,0.026439612731337547,0.99158775806427,951.0,951.0,50.0,1.0951693058013916,35.374149322509766,6.867711544036865,0.45634233951568604,0.23107387125492096,0.3041181266307831,0.8846153616905212,52.0,52.0,33.0,4.927774429321289,29.93181610107422,3.7896511554718018,0.45810261368751526,0.014592611230909824,0.014592614956200123,0.9964061975479126,8366.3623046875,0.418318115234375,0.4024907350540161,34.53428268432617,9.690877914428711,0.4532458186149597
31,1199,0.013095857575535774,0.012453028000891209,0.9974765181541443,2774.0,2774.0,50.0,0.34295594692230225,34.59761428833008,9.75090217590332,0.45748376846313477,0.0031903102062642574,0.002469426952302456,0.9996225833892822,2649.0,2649.0,50.0,0.0984749048948288,34.29302978515625,10.677067756652832,0.4468145966529846,0.03606796637177467,0.042390987277030945,0.9935343861579895,928.0,928.0,50.0,1.071808934211731,35.63139724731445,7.00490140914917,0.45942431688308716,0.18970437347888947,0.21869942545890808,0.8979592323303223,49.0,49.0,33.0,3.552650213241577,31.03604507446289,4.0973920822143555,0.44847002625465393,0.013679002411663532,0.013679004274308681,0.9970312714576721,8366.2822265625,0.418314111328125,0.3720216155052185,34.59417724609375,9.692792892456055,0.45328009128570557
31,1249,0.014523625373840332,0.011157726868987083,0.9964475035667419,2815.0,2815.0,50.0,0.4069579541683197,34.47675323486328,9.729256629943848,0.45781949162483215,0.004325165878981352,0.002894942881539464,0.9992486834526062,2662.0,2662.0,50.0,0.12536142766475677,34.191612243652344,10.398271560668945,0.4463028609752655,0.04020466282963753,0.0466126911342144,0.9919353723526001,868.0,868.0,50.0,1.1508017778396606,35.34005355834961,6.784684658050537,0.4586666226387024,0.1336498260498047,0.07149967551231384,0.9272727966308594,55.0,55.0,33.0,3.2008252143859863,31.594684600830078,4.463968753814697,0.46027112007141113,0.014788434840738773,0.014788435772061348,0.9964061975479126,8366.203125,0.41831015625,0.41472500562667847,34.450469970703125,9.562918663024902,0.4531652629375458
31,1271,0.011651025153696537,0.009831663221120834,0.9967637062072754,1236.0,1236.0,22.0,0.3219269812107086,34.53704833984375,9.716760635375977,0.45689254999160767,0.0024397075176239014,0.0020372073631733656,1.0,1123.0,1123.0,22.0,0.0805392637848854,34.32121658325195,10.541058540344238,0.44678032398223877,0.05956849455833435,0.05398867651820183,0.9792207479476929,385.0,385.0,22.0,1.6356490850448608,34.72738265991211,6.636635780334473,0.4606116712093353,0.2379089891910553,0.31844818592071533,0.9230769276618958,26.0,26.0,17.0,3.5482287406921387,30.865062713623047,4.026479721069336,0.4467197060585022,0.01645756885409355,0.016700347885489464,0.9949458241462708,8366.1689453125,0.418308447265625,0.43694084882736206,34.44153594970703,9.569429397583008,0.4532143473625183
32,49,0.009022308513522148,0.010719847865402699,0.9989407062530518,2832.0,2832.0,50.0,0.2668199837207794,34.77168655395508,9.819413185119629,0.45837265253067017,0.0020983617287129164,0.0027077323757112026,1.0,2568.0,2568.0,50.0,0.0682784914970398,34.238006591796875,10.722489356994629,0.4456713795661926,0.034702785313129425,0.02497107721865177,0.99148029088974,939.0,939.0,50.0,1.0229161977767944,35.509307861328125,6.868532657623291,0.45830169320106506,0.12128748744726181,0.14531731605529785,0.9836065769195557,61.0,61.0,35.0,3.309420585632324,30.288990020751953,4.312178134918213,0.4558858871459961,0.011081909760832787,0.011081909760832787,0.9981250762939453,8366.087890625,0.41830439453125,0.32708850502967834,34.623043060302734,9.696331977844238,0.4532421827316284
32,99,0.012303389608860016,0.007139410823583603,0.9975490570068359,2856.0,2856.0,50.0,0.3446260094642639,34.58907699584961,9.818036079406738,0.457970529794693,0.002874895930290222,0.002389326924458146,1.0,2588.0,2588.0,50.0,0.0919259637594223,34.1978874206543,10.559094429016113,0.4459463953971863,0.02996928244829178,0.042944908142089844,0.9956044554710388,910.0,910.0,50.0,0.8890975713729858,35.792049407958984,7.088057041168213,0.4574780762195587,0.11130115389823914,0.1618579924106598,0.97826087474823,46.0,46.0,28.0,3.0695436000823975,31.124698638916016,3.765965461730957,0.46373042464256287,0.011714156717061996,0.011714157648384571,0.9981250762939453,8366.0107421875,0.41830053710937504,0.3394428491592407,34.5770378112793,9.686033248901367,0.4530796408653259
32,149,0.010322538204491138,0.008593730628490448,0.9989446997642517,2843.0,2843.0,50.0,0.3211348056793213,34.512882232666016,9.714625358581543,0.45645907521247864,0.0029937331564724445,0.0025357978884130716,0.9996137022972107,2589.0,2589.0,50.0,0.09528570622205734,34.31969451904297,10.64177417755127,0.44761529564857483,0.04518386721611023,0.029727425426244736,0.9901314973831177,912.0,912.0,50.0,1.2621757984161377,35.094486236572266,6.754464626312256,0.45835864543914795,0.09692009538412094,0.09566137939691544,0.9642857313156128,56.0,56.0,36.0,2.749685525894165,32.23530197143555,4.036627292633057,0.4678628742694855,0.013083275407552719,0.013083275407552719,0.9976561665534973,8365.927734375,0.41829638671875,0.3851199746131897,34.4976806640625,9.618180274963379,0.4532519578933716
32,199,0.01078086905181408,0.010542663745582104,0.9992855191230774,2799.0,2799.0,50.0,0.34221139550209045,34.54640579223633,9.701152801513672,0.45776137709617615,0.0033353143371641636,0.003637061221525073,0.9988675117492676,2649.0,2649.0,50.0,0.10351689904928207,34.243614196777344,10.649186134338379,0.4462939500808716,0.027475398033857346,0.02491786703467369,0.9955307245254517,895.0,895.0,50.0,0.808912992477417,35.96372985839844,7.041828632354736,0.4585537314414978,0.1328321397304535,0.09130816906690598,0.9649122953414917,57.0,57.0,35.0,2.9324090480804443,31.494325637817383,4.17502498626709,0.45565956830978394,0.0111207515001297,0.0111207515001297,0.9982812404632568,8365.8505859375,0.418292529296875,0.33174848556518555,34.59210205078125,9.672442436218262,0.4531070291996002
32,249,0.009420783258974552,0.009996920824050903,0.9996404051780701,2782.0,2782.0,50.0,0.29283082485198975,34.632808685302734,9.712139129638672,0.45766815543174744,0.003076069988310337,0.0029112459160387516,1.0,2650.0,2650.0,50.0,0.09866953641176224,34.26625442504883,10.740394592285156,0.44663938879966736,0.038852643221616745,0.03452727198600769,0.9934353828430176,914.0,914.0,50.0,1.051474928855896,35.59554672241211,6.886613845825195,0.45864009857177734,0.29012519121170044,0.25911492109298706,0.8888888359069824,54.0,54.0,31.0,4.610590934753418,30.69805145263672,3.728031873703003,0.4572003185749054,0.01336535532027483,0.013365356251597404,0.9979686737060547,8365.7705078125,0.418288525390625,0.3572108745574951,34.5853271484375,9.683889389038086,0.4532364308834076
32,299,0.009403926320374012,0.00839999970048666,0.9992972016334534,2846.0,2846.0,50.0,0.2940288484096527,34.58302307128906,9.77184009552002,0.4570370316505432,0.0019298986298963428,0.0027440241537988186,1.0,2576.0,2576.0,50.0,0.06418929994106293,34.338600158691406,10.770047187805176,0.4468262195587158,0.02994215302169323,0.02980957366526127,0.9967354536056519,919.0,919.0,50.0,0.8902174234390259,35.806182861328125,6.853034496307373,0.4586654603481293,0.172107994556427,0.14938674867153168,0.9661017060279846,59.0,59.0,36.0,3.243950128555298,31.099788665771484,4.027703762054443,0.45463794469833374,0.010844720527529716,0.010844718664884567,0.998906135559082,8365.689453125,0.41828447265625,0.31432199478149414,34.628170013427734,9.701541900634766,0.45313888788223267
32,349,0.010459787212312222,0.008374754339456558,0.9992810487747192,2782.0,2782.0,50.0,0.28517186641693115,34.60199737548828,9.807051658630371,0.45696496963500977,0.002092436421662569,0.001782251987606287,1.0,2641.0,2641.0,50.0,0.06943041831254959,34.26920700073242,10.697051048278809,0.44613492488861084,0.02887497842311859,0.022007472813129425,0.9956235289573669,914.0,914.0,50.0,0.836434543132782,36.13529586791992,7.005263328552246,0.46077921986579895,0.1426350176334381,0.11686675995588303,0.9523809552192688,63.0,63.0,34.0,3.6489672660827637,30.695316314697266,3.870849609375,0.4612405300140381,0.010937969200313091,0.010937968268990517,0.9985936880111694,8365.6083984375,0.41828041992187504,0.3079843819141388,34.64518737792969,9.715750694274902,0.4530826807022095
32,399,0.011711113154888153,0.007767071016132832,0.9982382655143738,2838.0,2838.0,50.0,0.3319128155708313,34.58243179321289,9.637365341186523,0.45746806263923645,0.0038397132884711027,0.003151410026475787,0.9996240735054016,2660.0,2660.0,50.0,0.12276315689086914,34.13118362426758,10.458317756652832,0.4460271894931793,0.03765106573700905,0.04049281030893326,0.9952887296676636,849.0,849.0,50.0,1.12656569480896,35.34547805786133,6.7544097900390625,0.4587669372558594,0.13895364105701447,0.13300703465938568,0.9622641205787659,53.0,53.0,32.0,3.4525108337402344,31.770673751831055,3.8584132194519043,0.46524813771247864,0.012934386730194092,0.012934385798871517,0.9981250762939453,8365.5302734375,0.418276513671875,0.37624311447143555,34.47282028198242,9.548274993896484,0.4529496729373932
32,449,0.010313141159713268,0.010292155668139458,0.9985865354537964,2830.0,2830.0,50.0,0.31325018405914307,34.59756088256836,9.764102935791016,0.4580802321434021,0.00257637700997293,0.0024388772435486317,0.9996238946914673,2659.0,2659.0,50.0,0.08313361555337906,34.19606018066406,10.579285621643066,0.44574034214019775,0.024867035448551178,0.013792724348604679,0.9965713620185852,875.0,875.0,50.0,0.7604383230209351,36.162479400634766,7.260156154632568,0.4596172869205475,0.15966112911701202,0.09624232351779938,0.9166666865348816,36.0,36.0,28.0,3.6295154094696045,29.394258499145508,4.097414970397949,0.44891682267189026,0.009928634390234947,0.009928630664944649,0.9982811808586121,8365.451171875,0.41827255859375,0.29743692278862,34.61543655395508,9.7285737991333,0.4531119763851166
32,499,0.007557812612503767,0.006149809807538986,0.9992663264274597,2726.0,2726.0,50.0,0.23515361547470093,34.72871780395508,9.892722129821777,0.4574195146560669,0.002298443578183651,0.0024198798928409815,1.0,2699.0,2699.0,50.0,0.0720897912979126,34.25129699707031,10.722040176391602,0.44644424319267273,0.03405109420418739,0.038258206099271774,0.9934498071670532,916.0,916.0,50.0,1.01192307472229,35.64288330078125,6.852025985717773,0.4593932032585144,0.1770244836807251,0.34510302543640137,0.9152543544769287,59.0,59.0,32.0,3.599996566772461,31.52660369873047,3.8747951984405518,0.45690566301345825,0.01069396361708641,0.010693959891796112,0.9979687929153442,8365.369140625,0.41826845703125004,0.30858129262924194,34.628700256347656,9.75178337097168,0.4530687928199768
32,549,0.014664129354059696,0.010315249674022198,0.9950512647628784,2829.0,2829.0,50.0,0.3998754024505615,34.46263122558594,9.930427551269531,0.457091748714447,0.002450723899528384,0.0018010925268754363,1.0,2595.0,2595.0,50.0,0.08104262501001358,34.234066009521484,10.679157257080078,0.44634944200515747,0.03787694126367569,0.041880521923303604,0.9891067743301392,918.0,918.0,50.0,1.0877639055252075,35.50986099243164,6.787221908569336,0.45984819531440735,0.20885172486305237,0.13130363821983337,0.8965516686439514,58.0,58.0,35.0,4.362630844116211,30.401613235473633,3.843482255935669,0.46341192722320557,0.014801387675106525,0.0148013886064291,0.9953125715255737,8365.2919921875,0.418264599609375,0.4051801562309265,34.483367919921875,9.727997779846191,0.4531887471675873
32,599,0.009723475202918053,0.008866497315466404,0.9992907047271729,2820.0,2820.0,50.0,0.3015279471874237,34.451499938964844,9.826497077941895,0.4559069275856018,0.002131270244717598,0.001828819396905601,1.0,2622.0,2622.0,50.0,0.06695599853992462,34.31019592285156,10.809976577758789,0.44701677560806274,0.028459440916776657,0.018620140850543976,0.9966702461242676,901.0,901.0,50.0,0.843646764755249,36.16645812988281,7.187180995941162,0.46117618680000305,0.10897212475538254,0.15744569897651672,0.9649122953414917,57.0,57.0,35.0,2.9005820751190186,31.160720825195312,4.353958606719971,0.45927557349205017,0.010134648531675339,0.010134650394320488,0.998906135559082,8365.2119140625,0.418260595703125,0.30489474534988403,34.605735778808594,9.809110641479492,0.4530365765094757
32,649,0.008655352517962456,0.008047879673540592,0.9982633590698242,2879.0,2879.0,50.0,0.26017752289772034,34.68115997314453,9.810388565063477,0.45755088329315186,0.00280460505746305,0.0035394199658185244,1.0,2591.0,2591.0,50.0,0.09230565279722214,34.25357437133789,10.654379844665527,0.446199506521225,0.03289271518588066,0.03146657347679138,0.9932049512863159,883.0,883.0,50.0,0.9463861584663391,35.84001159667969,7.096489906311035,0.4592837393283844,0.07662224024534225,0.06566434353590012,0.978723406791687,47.0,47.0,35.0,2.0993142127990723,31.948505401611328,3.888174533843994,0.4526159465312958,0.010129847563803196,0.010129844769835472,0.9981250166893005,8365.130859375,0.41825654296875003,0.3003971576690674,34.64787292480469,9.734149932861328,0.4531581997871399
32,699,0.006895491853356361,0.006856296211481094,0.9992889761924744,2813.0,2813.0,50.0,0.22228984534740448,34.608219146728516,9.909788131713867,0.4556904733181,0.002242199145257473,0.0022910668049007654,1.0,2592.0,2592.0,50.0,0.07187950611114502,34.369911193847656,10.875600814819336,0.4474397599697113,0.03564000874757767,0.02786528319120407,0.9892473816871643,930.0,930.0,50.0,1.0438569784164429,35.66630172729492,6.867081642150879,0.45964759588241577,0.15304318070411682,0.13391746580600739,0.9538462162017822,65.0,65.0,34.0,3.3274571895599365,31.65703773498535,3.951125144958496,0.4634675979614258,0.010672159492969513,0.010672158561646938,0.9976562261581421,8365.0517578125,0.418252587890625,0.31229448318481445,34.63548278808594,9.798280715942383,0.4530029594898224
32,749,0.01325723435729742,0.010728373192250729,0.9978947639465332,2850.0,2850.0,50.0,0.3728558123111725,34.471824645996094,9.66624927520752,0.45683231949806213,0.003115445375442505,0.0027645728550851345,0.999622642993927,2651.0,2651.0,50.0,0.0999133288860321,34.227210998535156,10.675361633300781,0.44644007086753845,0.027486592531204224,0.02755342610180378,0.9964870810508728,854.0,854.0,50.0,0.8357358574867249,36.1388053894043,7.424722194671631,0.4600819945335388,0.16870775818824768,0.11243728548288345,0.9555556178092957,45.0,45.0,32.0,4.455066204071045,26.883493423461914,3.308030128479004,0.4428092837333679,0.012048054486513138,0.012048057280480862,0.9981249570846558,8364.9716796875,0.41824858398437503,0.3502665162086487,34.539581298828125,9.740432739257812,0.4528626799583435
32,799,0.009947842918336391,0.00859841238707304,0.9989495873451233,2856.0,2856.0,50.0,0.3047482371330261,34.61565399169922,9.75286865234375,0.4581451117992401,0.0026298637967556715,0.0025885235518217087,0.9996229410171509,2652.0,2652.0,50.0,0.08281371742486954,34.07676696777344,10.627263069152832,0.44400474429130554,0.029452985152602196,0.02271917834877968,0.9929576516151428,852.0,852.0,50.0,0.8563377857208252,36.36781311035156,7.33778715133667,0.4629949629306793,0.16094370186328888,0.09487807005643845,0.949999988079071,40.0,40.0,27.0,3.5127575397491455,30.917314529418945,3.6191539764404297,0.4551992118358612,0.010455802083015442,0.010455802083015442,0.9981249570846558,8364.890625,0.41824453125,0.3062645196914673,34.60249328613281,9.755352020263672,0.45291292667388916
32,849,0.00863252580165863,0.006533673033118248,0.998950719833374,2859.0,2859.0,50.0,0.23347647488117218,34.58941650390625,9.852575302124023,0.45590418577194214,0.002212592400610447,0.0027376797515898943,0.9996163845062256,2607.0,2607.0,50.0,0.07138879597187042,34.1847038269043,10.757989883422852,0.4452618956565857,0.03675270453095436,0.030476436018943787,0.9920815229415894,884.0,884.0,50.0,1.0142520666122437,36.1412239074707,7.0910773277282715,0.4646107852458954,0.13970039784908295,0.1438540518283844,0.9600000381469727,50.0,50.0,31.0,3.9580044746398926,30.27838706970215,3.9805104732513428,0.46877235174179077,0.010925475507974625,0.010925473645329475,0.9979687929153442,8364.8115234375,0.41824057617187504,0.30439358949661255,34.605224609375,9.794082641601562,0.45287227630615234
32,899,0.00907654594630003,0.00848856009542942,0.9992820024490356,2785.0,2785.0,50.0,0.2837168574333191,34.61500549316406,9.874324798583984,0.4573066234588623,0.0017440272495150566,0.001896340399980545,1.0,2668.0,2668.0,50.0,0.05758519470691681,34.22072219848633,10.840210914611816,0.44549232721328735,0.026173202320933342,0.024640752002596855,0.9943882822990417,891.0,891.0,50.0,0.7989035844802856,36.4576530456543,7.282055854797363,0.46369847655296326,0.20591327548027039,0.16837114095687866,0.928571343421936,56.0,56.0,33.0,4.044999122619629,29.65557098388672,3.6666977405548096,0.4443405270576477,0.010122301056981087,0.010122299194335938,0.9982813000679016,8364.7314453125,0.418236572265625,0.2940830886363983,34.66377258300781,9.86176872253418,0.4531579613685608
32,949,0.01085579302161932,0.010793725959956646,0.9975069761276245,2808.0,2808.0,50.0,0.28998497128486633,34.71480178833008,9.838658332824707,0.4583462178707123,0.002504619536921382,0.0023946319706737995,1.0,2638.0,2638.0,50.0,0.07973372936248779,34.17771911621094,10.919041633605957,0.445606529712677,0.02713756449520588,0.018621839582920074,0.9955505728721619,899.0,899.0,50.0,0.8345174193382263,35.95503616333008,7.176674842834473,0.4588722288608551,0.13324107229709625,0.1086445301771164,0.9454547166824341,55.0,55.0,34.0,3.1455934047698975,31.182323455810547,4.40988302230835,0.45556744933128357,0.010752374306321144,0.010752372443675995,0.9978123903274536,8364.65234375,0.41823261718750004,0.3043522238731384,34.63727951049805,9.863399505615234,0.4531450867652893
32,999,0.008460916578769684,0.010676045902073383,0.9989184737205505,2774.0,2774.0,50.0,0.2573787569999695,34.86280059814453,10.083585739135742,0.4596230983734131,0.0024959861766546965,0.003102647140622139,1.0,2663.0,2663.0,50.0,0.08092384040355682,34.05738067626953,10.664450645446777,0.44391676783561707,0.036853544414043427,0.026938309893012047,0.9922736883163452,906.0,906.0,50.0,1.0646613836288452,35.60051345825195,7.095405101776123,0.4590710699558258,0.062019672244787216,0.04740669205784798,0.9824562072753906,57.0,57.0,34.0,1.8738092184066772,33.017555236816406,4.3248419761657715,0.45751726627349854,0.010475286282598972,0.010475285351276398,0.9982811808586121,8364.5732421875,0.41822866210937504,0.3126342296600342,34.61566925048828,9.850976943969727,0.45299088954925537
32,1049,0.009951561689376831,0.010235920548439026,0.9985706210136414,2798.0,2798.0,50.0,0.27782920002937317,34.617431640625,10.088948249816895,0.4568132162094116,0.002252667210996151,0.0025899067986756563,1.0,2605.0,2605.0,50.0,0.07290567457675934,34.34148025512695,10.93062686920166,0.4474744200706482,0.03351966664195061,0.03166452795267105,0.9925373196601868,938.0,938.0,50.0,0.9698942303657532,35.78956985473633,7.359280586242676,0.4580442011356354,0.19927792251110077,0.18956033885478973,0.8813560605049133,59.0,59.0,33.0,3.873228073120117,30.756912231445312,4.560422897338867,0.45272690057754517,0.012017423287034035,0.012017423287034035,0.997187614440918,8364.4921875,0.418224609375,0.3289947807788849,34.64131164550781,9.980504989624023,0.4531547427177429
32,1099,0.012771828100085258,0.01822909340262413,0.9975159168243408,2818.0,2818.0,50.0,0.3365679383277893,34.642486572265625,10.01057243347168,0.45843276381492615,0.003442989895120263,0.004490632563829422,0.9992379546165466,2624.0,2624.0,50.0,0.09908182173967361,34.17616271972656,10.769230842590332,0.445416659116745,0.03272223472595215,0.02413099817931652,0.9955406785011292,897.0,897.0,50.0,0.8858344554901123,35.922821044921875,7.3782782554626465,0.45727741718292236,0.12098845094442368,0.10466865450143814,0.9672131538391113,61.0,61.0,33.0,2.3858842849731445,34.73076248168945,4.390721321105957,0.4768819510936737,0.012774618342518806,0.012774618342518806,0.9976563453674316,8364.412109375,0.41822060546875,0.33571431040763855,34.63158416748047,9.899126052856445,0.45311009883880615
32,1149,0.009836115874350071,0.00858162809163332,0.9978601336479187,2804.0,2804.0,50.0,0.30489078164100647,34.57514572143555,9.872071266174316,0.45703181624412537,0.002165342215448618,0.0022724391892552376,1.0,2665.0,2665.0,50.0,0.06952367722988129,34.28537368774414,10.772107124328613,0.4467727839946747,0.03028443641960621,0.02238589897751808,0.9954286217689514,875.0,875.0,50.0,0.920691192150116,35.87782287597656,7.334010124206543,0.45885762572288513,0.15263248980045319,0.1707303822040558,0.9642857313156128,56.0,56.0,34.0,3.480966567993164,31.123228073120117,4.180048942565918,0.46236273646354675,0.010687095113098621,0.010687095113098621,0.9981249570846558,8364.3330078125,0.418216650390625,0.3188645839691162,34.602378845214844,9.850046157836914,0.4530561566352844
32,1199,0.009872722439467907,0.008430831134319305,0.998561680316925,2781.0,2781.0,50.0,0.28677499294281006,34.57191467285156,9.92341423034668,0.45642712712287903,0.0028390928637236357,0.002519409405067563,1.0,2628.0,2628.0,50.0,0.08795372396707535,34.19600296020508,10.964914321899414,0.4460371434688568,0.040819525718688965,0.027562366798520088,0.9925292730331421,937.0,937.0,50.0,1.1574269533157349,35.56731033325195,6.832476615905762,0.462621808052063,0.1362055540084839,0.16136698424816132,0.9259259700775146,54.0,54.0,34.0,3.5530714988708496,29.44209861755371,3.697174072265625,0.4503520727157593,0.012581279501318932,0.012581276707351208,0.9976562261581421,8364.251953125,0.41821259765625,0.36016225814819336,34.52000427246094,9.846014022827148,0.45301640033721924
32,1249,0.01151243131607771,0.011263232678174973,0.9985785484313965,2814.0,2814.0,50.0,0.35531511902809143,34.45512390136719,9.762857437133789,0.4572480320930481,0.0029309592209756374,0.003006784711033106,1.0,2683.0,2683.0,50.0,0.0950746238231659,34.22100067138672,10.688441276550293,0.4464249014854431,0.02667904458940029,0.016407690942287445,0.9941245317459106,851.0,851.0,50.0,0.7592644095420837,36.341957092285156,7.277637958526611,0.4601905643939972,0.18223215639591217,0.11031706631183624,0.9423076510429382,52.0,52.0,34.0,3.245767831802368,31.942182540893555,4.12654972076416,0.45529836416244507,0.011318699456751347,0.011318700388073921,0.9981250166893005,8364.1728515625,0.418208642578125,0.32341498136520386,34.58744812011719,9.774627685546875,0.4530861973762512
32,1271,0.009512304328382015,0.008827274665236473,0.9975143671035767,1207.0,1207.0,22.0,0.26026561856269836,34.696231842041016,10.24774169921875,0.4569379687309265,0.0023356277961283922,0.0023425191175192595,1.0,1111.0,1111.0,22.0,0.07347487658262253,34.17045211791992,10.982799530029297,0.44510209560394287,0.04394911602139473,0.03736117482185364,0.9928742051124573,421.0,421.0,22.0,1.3190944194793701,35.098487854003906,6.647091865539551,0.4619590640068054,0.0792291909456253,0.08312085270881653,1.0,31.0,31.0,15.0,2.3330440521240234,32.16059112548828,4.174035549163818,0.46057242155075073,0.01262232381850481,0.01264798454940319,0.9978339076042175,8364.138671875,0.41820693359375,0.36947086453437805,34.51811218261719,9.92734146118164,0.45299461483955383
33,49,0.007363227661699057,0.0077987792901694775,0.9985611438751221,2780.0,2780.0,50.0,0.23548077046871185,34.589900970458984,9.935772895812988,0.45570093393325806,0.002892801072448492,0.0036922742146998644,0.9996273517608643,2684.0,2684.0,50.0,0.09336106479167938,34.276885986328125,10.84917163848877,0.44694727659225464,0.021604277193546295,0.016739318147301674,0.996610164642334,885.0,885.0,50.0,0.6604065299034119,36.5433349609375,7.468550682067871,0.4613361358642578,0.06812045723199844,0.06879746168851852,1.0,51.0,51.0,30.0,2.015026569366455,33.0169792175293,4.026341438293457,0.46544522047042847,0.00794187281280756,0.007941871881484985,0.9987499713897705,8364.056640625,0.41820283203125,0.24881932139396667,34.71622085571289,9.93056869506836,0.45288676023483276
33,99,0.011390826664865017,0.01275733020156622,0.9989422559738159,2836.0,2836.0,50.0,0.30085763335227966,34.63060760498047,9.96261215209961,0.45798584818840027,0.0022923422511667013,0.0025299852713942528,1.0,2616.0,2616.0,50.0,0.07338432222604752,34.07463836669922,10.845148086547852,0.44385531544685364,0.029554268345236778,0.025247974321246147,0.9932584762573242,890.0,890.0,50.0,0.8854998350143433,36.08637619018555,7.135319709777832,0.4618254601955414,0.11278317868709564,0.0745031088590622,0.9655171036720276,58.0,58.0,35.0,2.8673062324523926,32.86538314819336,4.085692405700684,0.47179821133613586,0.011116545647382736,0.011116543784737587,0.9982813596725464,8363.9765625,0.41819882812500003,0.31243816018104553,34.58979797363281,9.87691879272461,0.45286908745765686
33,149,0.007643541786819696,0.0070042782463133335,0.9992907643318176,2820.0,2820.0,50.0,0.2397768497467041,34.626766204833984,10.027201652526855,0.45658814907073975,0.00244514225050807,0.0025242865085601807,1.0,2659.0,2659.0,50.0,0.0806724950671196,34.140480041503906,10.735313415527344,0.4451760947704315,0.026299653574824333,0.01922357827425003,0.9965396523475647,867.0,867.0,50.0,0.826694905757904,36.38861846923828,7.284814834594727,0.4643237590789795,0.08097926527261734,0.04667128622531891,0.9814816117286682,54.0,54.0,31.0,2.2122976779937744,32.980228424072266,4.331646919250488,0.46078410744667053,0.008629860356450081,0.008629860356450081,0.9990625381469727,8363.8974609375,0.418194873046875,0.26982617378234863,34.649513244628906,9.901836395263672,0.45293015241622925
33,199,0.006127284839749336,0.005965700838714838,0.9996477961540222,2840.0,2840.0,50.0,0.1910157948732376,34.83031463623047,10.113853454589844,0.4580623507499695,0.0022327667102217674,0.0025444196071475744,1.0,2591.0,2591.0,50.0,0.07322867959737778,34.112491607666016,10.974674224853516,0.444437175989151,0.0256704930216074,0.023649660870432854,0.997797429561615,908.0,908.0,50.0,0.8100677728652954,36.3129997253418,7.3249993324279785,0.4620383381843567,0.12183402478694916,0.09760620445013046,0.9672130942344666,61.0,61.0,31.0,2.8733022212982178,31.047330856323242,3.949164390563965,0.452766090631485,0.008426135405898094,0.008426135405898094,0.9992187023162842,8363.8173828125,0.41819086914062503,0.25672397017478943,34.71400833129883,10.007925033569336,0.4530599117279053
33,249,0.009682334028184414,0.009066015481948853,0.9985820651054382,2821.0,2821.0,50.0,0.3055521249771118,34.54959487915039,9.887027740478516,0.4571128189563751,0.0021517311688512564,0.002212108112871647,1.0,2650.0,2650.0,50.0,0.06911502033472061,34.1895866394043,10.965794563293457,0.4450927972793579,0.024375837296247482,0.024813197553157806,0.9953596591949463,862.0,862.0,50.0,0.7091678380966187,36.47734832763672,7.404374122619629,0.4615445137023926,0.11590465903282166,0.11550936102867126,0.9701493978500366,67.0,67.0,40.0,2.7857553958892822,32.522945404052734,4.377450942993164,0.4650477468967438,0.0096552399918437,0.0096552399918437,0.9984375238418579,8363.73828125,0.4181869140625,0.28797900676727295,34.63895797729492,9.941644668579102,0.4528157114982605
33,299,0.008356817997992039,0.008043799549341202,0.9982073307037354,2789.0,2789.0,50.0,0.2538469731807709,34.54107666015625,10.003829002380371,0.45577046275138855,0.0021871495991945267,0.002658192301169038,1.0,2666.0,2666.0,50.0,0.07171745598316193,34.212371826171875,11.031777381896973,0.4457865059375763,0.027383653447031975,0.018188348039984703,0.9932659268379211,891.0,891.0,50.0,0.7964228391647339,36.57596206665039,7.459237575531006,0.46362176537513733,0.10316115617752075,0.12270921468734741,0.9814814925193787,54.0,54.0,32.0,2.673780679702759,32.01982498168945,4.111202239990234,0.4627842307090759,0.009235572069883347,0.009235569275915623,0.9981250762939453,8363.658203125,0.41818291015625003,0.2739335596561432,34.66617202758789,10.028059005737305,0.45276373624801636
33,349,0.006252937018871307,0.004740167409181595,1.0,2829.0,2829.0,50.0,0.20601841807365417,34.75977325439453,10.27297592163086,0.4576554000377655,0.0016758086858317256,0.001587658654898405,1.0,2567.0,2567.0,50.0,0.054967720061540604,34.13756561279297,11.12704086303711,0.4442932605743408,0.029995664954185486,0.029458733275532722,0.9958290457725525,959.0,959.0,50.0,0.9363862872123718,36.11940002441406,7.2207112312316895,0.463398277759552,0.20292861759662628,0.3323436379432678,0.9111111164093018,45.0,45.0,31.0,4.279510974884033,29.760583877563477,4.082925796508789,0.44416502118110657,0.009357651695609093,0.009357654489576817,0.9987500905990601,8363.5771484375,0.418178857421875,0.28351572155952454,34.67879104614258,10.114648818969727,0.45306164026260376
33,399,0.011283863335847855,0.007972639985382557,0.9982149600982666,2801.0,2801.0,50.0,0.32451295852661133,34.45494842529297,10.009326934814453,0.45624884963035583,0.0031948830001056194,0.0021002916619181633,0.9992522597312927,2675.0,2675.0,50.0,0.088926300406456,34.25348663330078,10.935818672180176,0.4464741051197052,0.022525617852807045,0.019718483090400696,0.9988451600074768,866.0,866.0,50.0,0.6877750754356384,36.46609115600586,7.602787971496582,0.46107742190361023,0.06441189348697662,0.07169953733682632,1.0,58.0,58.0,36.0,1.9121477603912354,34.011199951171875,4.707403182983398,0.4706563949584961,0.009905545972287655,0.00990554504096508,0.9987499713897705,8363.498046875,0.41817490234375004,0.2895869314670563,34.63885498046875,10.02288818359375,0.4529472589492798
33,449,0.008503164164721966,0.008009329438209534,0.9982123374938965,2797.0,2797.0,50.0,0.25322702527046204,34.57218551635742,9.97265338897705,0.45581915974617004,0.0019562591332942247,0.0019331377698108554,1.0,2661.0,2661.0,50.0,0.06388992816209793,34.26069259643555,10.969537734985352,0.44605523347854614,0.034365009516477585,0.02580343559384346,0.9921436905860901,891.0,891.0,50.0,1.0110470056533813,36.032127380371094,7.173594951629639,0.4626125693321228,0.24096496403217316,0.3192494809627533,0.9019607305526733,51.0,51.0,36.0,3.6007087230682373,33.03766632080078,4.183375835418701,0.4606226086616516,0.01123396772891283,0.011233966797590256,0.9973437190055847,8363.41796875,0.4181708984375,0.30668219923973083,34.633697509765625,9.951324462890625,0.4527435302734375
33,499,0.009415928274393082,0.010660647414624691,0.9985714554786682,2800.0,2800.0,50.0,0.29555630683898926,34.51105499267578,10.066227912902832,0.4563581347465515,0.0023704208433628082,0.0026007338892668486,1.0,2616.0,2616.0,50.0,0.07482454925775528,34.24955749511719,11.100438117980957,0.44659164547920227,0.02805047295987606,0.013535973615944386,0.9946063160896301,927.0,927.0,50.0,0.8308695554733276,36.07612609863281,7.22812557220459,0.4600261449813843,0.15093368291854858,0.11012586206197739,0.9298245906829834,57.0,57.0,37.0,3.217965841293335,32.95317840576172,4.647624492645264,0.4720049202442169,0.01049556490033865,0.010495567694306374,0.9979687929153442,8363.3369140625,0.418166845703125,0.3088966906070709,34.61698532104492,10.029620170593262,0.45303672552108765
33,549,0.008900044485926628,0.007085506804287434,0.9992828369140625,2789.0,2789.0,50.0,0.27786022424697876,34.61906433105469,10.03788948059082,0.4572833180427551,0.0024511897936463356,0.0021135800052434206,0.999626874923706,2680.0,2680.0,50.0,0.07544970512390137,34.146183013916016,10.86123275756836,0.44480180740356445,0.030508503317832947,0.023547077551484108,0.9954285621643066,875.0,875.0,50.0,0.8942044973373413,36.2054328918457,7.179837703704834,0.46212470531463623,0.07331440597772598,0.10820254683494568,0.9821428060531616,56.0,56.0,35.0,2.154348134994507,32.93401336669922,4.452500820159912,0.4588736593723297,0.009717494249343872,0.009717493318021297,0.9987499713897705,8363.2578125,0.418162890625,0.2937858998775482,34.62318801879883,9.943042755126953,0.45273250341415405
33,599,0.009559599682688713,0.007209762465208769,0.9982026815414429,2782.0,2782.0,50.0,0.28577837347984314,34.569461822509766,10.024145126342773,0.45682424306869507,0.002063335618004203,0.002177951857447624,1.0,2682.0,2682.0,50.0,0.06717029213905334,34.19670104980469,10.988053321838379,0.44550856947898865,0.02870134636759758,0.019293086603283882,0.993220329284668,885.0,885.0,50.0,0.8456529974937439,36.243865966796875,7.323574066162109,0.46239399909973145,0.10199446231126785,0.07627561688423157,0.960784375667572,51.0,51.0,35.0,2.530318021774292,32.33562469482422,4.119751453399658,0.4559830129146576,0.009801731444895267,0.009801731444895267,0.9979686737060547,8363.17578125,0.41815878906250004,0.2894742488861084,34.626991271972656,10.007593154907227,0.4528457522392273
33,649,0.010326760821044445,0.011258271522819996,0.9982287287712097,2823.0,2823.0,50.0,0.31161636114120483,34.49235916137695,10.007975578308105,0.4566264748573303,0.0027004401199519634,0.0024990453384816647,0.9996182322502136,2620.0,2620.0,50.0,0.08365637063980103,34.227806091308594,11.124228477478027,0.44656890630722046,0.03437795862555504,0.022067904472351074,0.9955850839614868,906.0,906.0,50.0,1.024794578552246,35.72749710083008,7.301493167877197,0.4601041078567505,0.07950305193662643,0.05570750683546066,0.9803920984268188,51.0,51.0,30.0,2.06111741065979,32.63747024536133,4.373983860015869,0.45176437497138977,0.011160730384290218,0.011160731315612793,0.9982811808586121,8363.099609375,0.41815498046875,0.33319589495658875,34.544124603271484,10.036909103393555,0.452962726354599
33,699,0.0068756164982914925,0.007974467240273952,0.9996446371078491,2814.0,2814.0,50.0,0.2211112082004547,34.634803771972656,10.093710899353027,0.4562104642391205,0.0019517523469403386,0.002462149364873767,1.0,2597.0,2597.0,50.0,0.06548897176980972,34.330196380615234,11.177983283996582,0.4468677043914795,0.032871223986148834,0.0265243798494339,0.9935344457626343,928.0,928.0,50.0,0.998075008392334,35.627464294433594,7.208888530731201,0.4588870406150818,0.1633126139640808,0.10770981013774872,0.9344262480735779,61.0,61.0,37.0,3.6190764904022217,30.237852096557617,3.9269654750823975,0.4498288035392761,0.010138011537492275,0.010138007812201977,0.9982812404632568,8363.0166015625,0.41815083007812504,0.3030092120170593,34.61322784423828,10.056612014770508,0.4527466297149658
33,749,0.007742240093648434,0.005702471826225519,0.9986029863357544,2863.0,2863.0,50.0,0.2345079630613327,34.739410400390625,10.209271430969238,0.45787593722343445,0.0023042592220008373,0.0032272166572511196,1.0,2592.0,2592.0,50.0,0.07436951994895935,34.09013366699219,10.947972297668457,0.4441733956336975,0.021129034459590912,0.01675192080438137,1.0,893.0,893.0,50.0,0.6799185276031494,36.4964599609375,7.612863063812256,0.46141210198402405,0.1052316352725029,0.12181488424539566,0.9615384340286255,52.0,52.0,32.0,2.867661476135254,32.366004943847656,4.401710033416748,0.47113367915153503,0.008199834264814854,0.008199835196137428,0.9990625381469727,8362.939453125,0.41814697265625,0.2531949579715729,34.70233154296875,10.098978996276855,0.45292752981185913
33,799,0.008089691400527954,0.008490840904414654,0.9992855191230774,2799.0,2799.0,50.0,0.25911828875541687,34.72272872924805,10.262396812438965,0.4581896960735321,0.00208048103377223,0.0020073004998266697,1.0,2612.0,2612.0,50.0,0.06566572934389114,34.14963912963867,11.123001098632812,0.4448435604572296,0.024456875398755074,0.021871205419301987,0.9957536458969116,942.0,942.0,50.0,0.7749571204185486,36.169986724853516,7.469627380371094,0.45988428592681885,0.17980262637138367,0.14564919471740723,0.9574468731880188,47.0,47.0,28.0,3.309389114379883,30.633758544921875,4.180418968200684,0.4478665888309479,0.00930724386125803,0.009307244792580605,0.9987499713897705,8362.857421875,0.41814287109375003,0.27849090099334717,34.67182922363281,10.157905578613281,0.4529164135456085
33,849,0.00914634671062231,0.010612815618515015,0.9982318878173828,2828.0,2828.0,50.0,0.25844186544418335,34.720184326171875,10.039990425109863,0.4581516683101654,0.0021360241807997227,0.0015369870234280825,1.0,2657.0,2657.0,50.0,0.07000622153282166,34.13136291503906,10.955483436584473,0.4447716474533081,0.021624146029353142,0.01819649338722229,0.9953539967536926,861.0,861.0,50.0,0.6596033573150635,36.46653747558594,7.528949737548828,0.45989927649497986,0.117472343146801,0.11844918131828308,0.9629629254341125,54.0,54.0,32.0,2.4716196060180664,32.48232650756836,4.3553900718688965,0.45336484909057617,0.008828624151647091,0.008828622289001942,0.9982811808586121,8362.779296875,0.41813896484375,0.2528540790081024,34.69178771972656,10.034285545349121,0.45279157161712646
33,899,0.008126537315547466,0.009445942007005215,0.9985663890838623,2790.0,2790.0,50.0,0.23799125850200653,34.706756591796875,10.237687110900879,0.4570811986923218,0.0018525461200624704,0.002368910238146782,1.0,2621.0,2621.0,50.0,0.05797680467367172,34.19879150390625,11.136506080627441,0.4454091489315033,0.030355168506503105,0.02618115022778511,0.993534505367279,928.0,928.0,50.0,0.8682054877281189,36.034542083740234,7.248002052307129,0.4601844549179077,0.1532825529575348,0.107801653444767,0.9180327653884888,61.0,61.0,37.0,3.3313045501708984,32.21839904785156,4.192842483520508,0.46483904123306274,0.010163812898099422,0.010163811966776848,0.9976562261581421,8362.6962890625,0.418134814453125,0.2851339280605316,34.667537689208984,10.114662170410156,0.45282503962516785
33,949,0.007870767265558243,0.008502368815243244,0.9986135959625244,2885.0,2885.0,50.0,0.2457474023103714,34.66818618774414,10.232803344726562,0.4573785364627838,0.00258291675709188,0.0027355314232409,1.0,2563.0,2563.0,50.0,0.0826430544257164,34.124351501464844,11.0390625,0.4447360038757324,0.026176080107688904,0.03871287405490875,0.9922480583190918,903.0,903.0,50.0,0.7843823432922363,36.330501556396484,7.551122665405273,0.46067652106285095,0.07073533535003662,0.08697930723428726,0.9795918464660645,49.0,49.0,31.0,1.8908401727676392,34.04511642456055,4.6611833572387695,0.47103819251060486,0.00881721917539835,0.008817220106720924,0.9981250762939453,8362.6201171875,0.418131005859375,0.26902246475219727,34.68016815185547,10.134658813476562,0.4528855085372925
33,999,0.00820742454379797,0.009072856046259403,0.9985905885696411,2838.0,2838.0,50.0,0.24476628005504608,34.68703842163086,10.1995267868042,0.45735904574394226,0.0028926527593284845,0.0032810927368700504,0.9984686374664307,2612.0,2612.0,50.0,0.08212820440530777,34.117706298828125,10.978534698486328,0.44432100653648376,0.021869361400604248,0.020672129467129707,0.9988839030265808,896.0,896.0,50.0,0.6839221119880676,36.5002555847168,7.387822151184082,0.4619176685810089,0.14170537889003754,0.10448312759399414,0.9629629850387573,54.0,54.0,31.0,3.7195303440093994,30.315155029296875,3.8835577964782715,0.45770877599716187,0.00907739344984293,0.009077392518520355,0.9982813000679016,8362.5380859375,0.41812690429687505,0.2691897749900818,34.6716423034668,10.07052993774414,0.4526790380477905
33,1049,0.0076475320383906364,0.01055945921689272,0.9992914795875549,2823.0,2823.0,50.0,0.2380826771259308,34.72408676147461,10.055156707763672,0.4580661356449127,0.002741467207670212,0.0026768858078867197,0.9996270537376404,2682.0,2682.0,50.0,0.08831732720136642,34.018856048583984,10.841493606567383,0.4442051351070404,0.024377861991524696,0.018444102257490158,0.9964413046836853,843.0,843.0,50.0,0.7697340846061707,36.401371002197266,7.4430975914001465,0.46254557371139526,0.11826389282941818,0.0937243178486824,0.9615383744239807,52.0,52.0,34.0,2.813093662261963,30.460355758666992,4.186904430389404,0.4462521970272064,0.008694044314324856,0.008694040589034557,0.9987499117851257,8362.4599609375,0.418122998046875,0.26627206802368164,34.614837646484375,9.99294376373291,0.4527515172958374
33,1099,0.00781742949038744,0.008139340206980705,0.9996463060379028,2827.0,2827.0,50.0,0.25031426548957825,34.66952896118164,10.150890350341797,0.45752161741256714,0.0018808409804478288,0.0022352130617946386,1.0,2627.0,2627.0,50.0,0.05977186560630798,34.065093994140625,11.043379783630371,0.44429320096969604,0.026592539623379707,0.02059955708682537,0.9966442584991455,894.0,894.0,50.0,0.8200740218162537,36.19898986816406,7.263248443603516,0.46205776929855347,0.18435192108154297,0.23868584632873535,0.923076868057251,52.0,52.0,35.0,4.348346710205078,28.73300552368164,3.547053813934326,0.4552909731864929,0.009437637403607368,0.009437636472284794,0.9987500309944153,8362.376953125,0.41811884765625,0.2849873900413513,34.58683776855469,10.060205459594727,0.45270729064941406
33,1149,0.008057878352701664,0.010153908282518387,0.9982033967971802,2783.0,2783.0,50.0,0.24452388286590576,34.596683502197266,10.296774864196777,0.4559997618198395,0.0017090532928705215,0.0019376955460757017,1.0,2611.0,2611.0,50.0,0.05604910850524902,34.26545715332031,11.25085163116455,0.4461885988712311,0.02747461013495922,0.023541050031781197,0.998948335647583,951.0,951.0,50.0,0.8911459445953369,35.969566345214844,7.2574567794799805,0.4611507058143616,0.13176050782203674,0.08242811262607574,0.9454545974731445,55.0,55.0,33.0,3.125699043273926,32.45191955566406,4.349266052246094,0.46785062551498413,0.009416032582521439,0.00941603071987629,0.9985937476158142,8362.298828125,0.41811494140625,0.2884761691093445,34.647125244140625,10.183273315429688,0.4528643488883972
33,1199,0.009881136007606983,0.007036102004349232,0.9985988140106201,2855.0,2855.0,50.0,0.25986507534980774,34.6915283203125,10.212920188903809,0.4574985206127167,0.0019926629029214382,0.002539963461458683,1.0,2600.0,2600.0,50.0,0.06567692011594772,34.13457489013672,10.968100547790527,0.444715678691864,0.025161046534776688,0.0205834973603487,0.9977400898933411,885.0,885.0,50.0,0.7703481912612915,36.314056396484375,7.461659908294678,0.4612768590450287,0.103055439889431,0.047466740012168884,0.9500001072883606,60.0,60.0,40.0,2.196898937225342,33.355106353759766,4.74612283706665,0.4583820402622223,0.009662879630923271,0.009662878699600697,0.9985936880111694,8362.2177734375,0.418110888671875,0.26972606778144836,34.677101135253906,10.088013648986816,0.4528362452983856
33,1249,0.00779377669095993,0.006627635098993778,0.998928427696228,2799.0,2799.0,50.0,0.2399888038635254,34.65306091308594,10.382024765014648,0.45691272616386414,0.0032379142940044403,0.0027750153094530106,0.9988447427749634,2597.0,2597.0,50.0,0.09461891651153564,34.185874938964844,11.132277488708496,0.4462176263332367,0.03152501955628395,0.02763417735695839,0.9957717657089233,946.0,946.0,50.0,0.9374768137931824,35.80879211425781,7.340458393096924,0.4592016339302063,0.12954089045524597,0.16103476285934448,0.9482758641242981,58.0,58.0,37.0,3.033332109451294,30.987327575683594,4.419825553894043,0.4520488679409027,0.010556201450526714,0.01055620051920414,0.9979687929153442,8362.140625,0.41810703125000004,0.30941253900527954,34.601097106933594,10.182848930358887,0.4528670907020569
33,1271,0.008662179112434387,0.007038837764412165,0.9983579516410828,1218.0,1218.0,22.0,0.2547862231731415,34.80158996582031,10.26699161529541,0.4586728811264038,0.0023384031374007463,0.001986495917662978,1.0,1136.0,1136.0,22.0,0.07993379980325699,34.070892333984375,10.988550186157227,0.4447290301322937,0.03698507696390152,0.034464798867702484,0.9874372482299805,398.0,398.0,22.0,0.9934523701667786,35.72449493408203,7.397122859954834,0.4576324224472046,0.10436246544122696,0.13869264721870422,0.944444477558136,18.0,18.0,14.0,2.7360305786132812,31.543676376342773,5.133068084716797,0.4625502824783325,0.010738379321992397,0.010760124772787094,0.9971119165420532,8362.1025390625,0.418105126953125,0.3053346574306488,34.61335754394531,10.11719799041748,0.45283007621765137
34,49,0.010299351997673512,0.008615617640316486,0.9975593686103821,2868.0,2868.0,50.0,0.29754987359046936,34.570762634277344,10.026079177856445,0.45733898878097534,0.002229362493380904,0.0030780171509832144,1.0,2615.0,2615.0,50.0,0.07129443436861038,34.22130584716797,11.043413162231445,0.44608074426651,0.026598216965794563,0.012971107847988605,0.9942129254341125,864.0,864.0,50.0,0.7871672511100769,36.21928405761719,7.699029922485352,0.45825037360191345,0.07829110324382782,0.09428954124450684,0.9811320304870605,53.0,53.0,32.0,1.994293451309204,33.15062713623047,4.449472904205322,0.4561002552509308,0.00976540707051754,0.00976540893316269,0.9979687929153442,8362.0224609375,0.418101123046875,0.2852528393268585,34.63876724243164,10.081422805786133,0.45285171270370483
34,99,0.008240806870162487,0.011044277809560299,0.998904287815094,2738.0,2738.0,50.0,0.25517407059669495,34.70365905761719,10.204273223876953,0.4580247104167938,0.0017892190953716636,0.0014466859865933657,1.0,2704.0,2704.0,50.0,0.06067279353737831,34.10851287841797,11.080103874206543,0.44436201453208923,0.02513185329735279,0.01519321370869875,0.9977827668190002,902.0,902.0,50.0,0.7560793161392212,36.32648849487305,7.421942710876465,0.4609435498714447,0.08948466926813126,0.08586319535970688,0.964285671710968,56.0,56.0,38.0,2.153327465057373,33.66622543334961,4.939414024353027,0.4653482735157013,0.00860647764056921,0.008606476709246635,0.9989062547683716,8361.94140625,0.41809707031250004,0.26020246744155884,34.67184829711914,10.136110305786133,0.45272767543792725
34,149,0.006760333199054003,0.008568705059587955,0.999641478061676,2789.0,2789.0,50.0,0.22347058355808258,34.61625289916992,10.169078826904297,0.4563027620315552,0.0012789522297680378,0.0012995573924854398,1.0,2648.0,2648.0,50.0,0.042663030326366425,34.27470779418945,11.186076164245605,0.44623488187789917,0.0210224911570549,0.013768814504146576,0.9988974332809448,907.0,907.0,50.0,0.6847766041755676,36.52347946166992,7.461239337921143,0.4623295068740845,0.1136782243847847,0.0625913068652153,0.9821429252624512,56.0,56.0,40.0,2.3864190578460693,32.932308197021484,4.41449499130249,0.4610753655433655,0.007449158001691103,0.00744915846735239,0.9995312690734863,8361.86328125,0.4180931640625,0.232962965965271,34.730491638183594,10.155756950378418,0.4530330300331116
34,199,0.008350386284291744,0.00766033073887229,0.9989436268806458,2840.0,2840.0,50.0,0.2611371576786041,34.65446090698242,10.207175254821777,0.4577620327472687,0.0017578393453732133,0.0020013723988085985,1.0,2613.0,2613.0,50.0,0.06043199449777603,34.11778259277344,11.124625205993652,0.44464173913002014,0.021003516390919685,0.014272176660597324,0.9966444373130798,894.0,894.0,50.0,0.6412879824638367,36.434322357177734,7.524850368499756,0.46000584959983826,0.06681789457798004,0.07364608347415924,0.9811321496963501,53.0,53.0,30.0,1.876681923866272,33.640750885009766,4.856517314910889,0.4657037854194641,0.007910438813269138,0.007910441607236862,0.9989062547683716,8361.78125,0.4180890625,0.2456740438938141,34.675575256347656,10.162755012512207,0.4527844786643982
34,249,0.005053367931395769,0.0055847461335361,0.9996468424797058,2832.0,2832.0,50.0,0.1599370241165161,34.802528381347656,10.450702667236328,0.4572969079017639,0.0013117595808580518,0.00103594025131315,1.0,2577.0,2577.0,50.0,0.044070445001125336,34.139835357666016,11.251723289489746,0.44420504570007324,0.02407809905707836,0.017430782318115234,0.995730996131897,937.0,937.0,50.0,0.7280991077423096,36.478763580322266,7.4662394523620605,0.46277493238449097,0.07941419631242752,0.0732543021440506,0.9814814329147339,54.0,54.0,36.0,2.069502592086792,32.9190559387207,4.611869812011719,0.4575352966785431,0.0069595458917319775,0.0069595444947481155,0.9990624189376831,8361.703125,0.41808515625000003,0.21257707476615906,34.76520919799805,10.287029266357422,0.45282942056655884
34,299,0.010376688092947006,0.011737926863133907,0.9989278316497803,2798.0,2798.0,50.0,0.28342849016189575,34.60896682739258,10.300516128540039,0.457542359828949,0.002074963878840208,0.0028356118127703667,1.0,2649.0,2649.0,50.0,0.0655253529548645,34.17949676513672,11.187504768371582,0.445317804813385,0.024398941546678543,0.011287081055343151,0.9944812655448914,906.0,906.0,50.0,0.6623597145080566,36.6353759765625,7.895882606506348,0.4595751166343689,0.10407303273677826,0.051528722047805786,0.957446813583374,47.0,47.0,30.0,2.745607614517212,32.39521026611328,4.587762355804443,0.46696627140045166,0.009613660164177418,0.009613660164177418,0.9984375238418579,8361.623046875,0.41808115234375004,0.2649611234664917,34.701812744140625,10.285286903381348,0.4528394937515259
34,349,0.005179216153919697,0.004123878665268421,0.9996432065963745,2803.0,2803.0,50.0,0.16722472012043,34.82090377807617,10.401779174804688,0.45772817730903625,0.002113503636792302,0.001581121701747179,0.9996189475059509,2624.0,2624.0,50.0,0.06543907523155212,34.03804397583008,11.115887641906738,0.4434165060520172,0.028109677135944366,0.0245398860424757,0.9967105984687805,912.0,912.0,50.0,0.8465657234191895,36.29523468017578,7.33338737487793,0.4634234309196472,0.08559315651655197,0.09775298088788986,0.9836065769195557,61.0,61.0,35.0,2.3325581550598145,33.15281295776367,4.372884750366211,0.46890509128570557,0.007956312038004398,0.007956310175359249,0.9990625381469727,8361.54296875,0.41807714843750005,0.24293702840805054,34.694122314453125,10.199854850769043,0.45277851819992065
34,399,0.009274924173951149,0.013845965266227722,0.9975177645683289,2820.0,2820.0,50.0,0.2706652879714966,34.61817932128906,10.233966827392578,0.4569469690322876,0.0031953067518770695,0.003664325922727585,0.9996197819709778,2630.0,2630.0,50.0,0.09055192768573761,34.11967086791992,11.123824119567871,0.4453357458114624,0.020170841366052628,0.015059989877045155,0.9977474808692932,888.0,888.0,50.0,0.6490816473960876,36.463165283203125,7.568683624267578,0.460622102022171,0.12062273919582367,0.08710745722055435,0.9516129493713379,62.0,62.0,37.0,2.754105806350708,32.38750457763672,4.332799434661865,0.4607241749763489,0.009367072023451328,0.009367072023451328,0.9979686737060547,8361.4619140625,0.418073095703125,0.27321356534957886,34.647705078125,10.172667503356934,0.4527220129966736
34,449,0.005619873758405447,0.005464495159685612,0.9989347457885742,2816.0,2816.0,50.0,0.17484743893146515,34.7081413269043,10.376378059387207,0.45638924837112427,0.001996448962017894,0.0025298926047980785,1.0,2643.0,2643.0,50.0,0.06285637617111206,34.03342819213867,11.119135856628418,0.44370564818382263,0.021844545379281044,0.02138831652700901,0.9977679252624512,896.0,896.0,50.0,0.6794090867042542,36.90340042114258,7.674860000610352,0.46701037883758545,0.06615655869245529,0.16385559737682343,0.9777777791023254,45.0,45.0,27.0,1.637782096862793,34.64654541015625,4.836193084716797,0.46691933274269104,0.006820614915341139,0.006820615381002426,0.9990625381469727,8361.3798828125,0.41806899414062504,0.2095235288143158,34.73640823364258,10.265947341918945,0.4527123272418976
34,499,0.004973969887942076,0.004576689563691616,0.9996395111083984,2774.0,2774.0,50.0,0.16405640542507172,34.831111907958984,10.453458786010742,0.45789697766304016,0.0013028993271291256,0.0012098393635824323,1.0,2616.0,2616.0,50.0,0.04308045282959938,34.158897399902344,11.390565872192383,0.4443362355232239,0.029903728514909744,0.02665255218744278,0.9927611351013184,967.0,967.0,50.0,0.8697897791862488,36.13387680053711,7.5209760665893555,0.46055394411087036,0.12389668077230453,0.24607139825820923,0.9767442345619202,43.0,43.0,31.0,2.8847098350524902,32.455810546875,4.0845255851745605,0.465384304523468,0.008039162494242191,0.008039162494242191,0.998593807220459,8361.2998046875,0.41806499023437504,0.23951877653598785,34.73722457885742,10.350629806518555,0.452805757522583
34,549,0.00978446751832962,0.010204976424574852,0.9982331395149231,2830.0,2830.0,50.0,0.275767982006073,34.59735107421875,10.053690910339355,0.4568433463573456,0.002213449450209737,0.002232146682217717,1.0,2647.0,2647.0,50.0,0.07144588977098465,34.19900894165039,11.296156883239746,0.4460070729255676,0.016271492466330528,0.01853199116885662,0.998865008354187,881.0,881.0,50.0,0.5106809735298157,36.65556716918945,7.9081501960754395,0.4583890736103058,0.09293627738952637,0.1275809109210968,0.9761905074119568,42.0,42.0,22.0,2.5087969303131104,31.78565788269043,4.862289905548096,0.45611321926116943,0.008091803640127182,0.008091804571449757,0.998906135559082,8361.2197265625,0.418060986328125,0.2382531315088272,34.697471618652344,10.238151550292969,0.45256948471069336
34,599,0.00862883124500513,0.006418003235012293,0.9985901117324829,2837.0,2837.0,50.0,0.2644258141517639,34.55222702026367,10.260843276977539,0.4560244083404541,0.0028800033032894135,0.002613591030240059,0.999245285987854,2650.0,2650.0,50.0,0.0901426300406456,34.11503219604492,11.08049488067627,0.4456157386302948,0.02226044237613678,0.01901807077229023,0.9988345503807068,858.0,858.0,50.0,0.7027999758720398,36.560821533203125,7.722126483917236,0.4626546800136566,0.06465104967355728,0.03902943432331085,0.9818183779716492,55.0,55.0,33.0,1.8466506004333496,33.67442321777344,4.468740463256836,0.462740421295166,0.008557384833693504,0.008557385765016079,0.9987500309944153,8361.140625,0.41805703125000004,0.26462846994400024,34.6329345703125,10.210107803344727,0.4526611566543579
34,649,0.005339046940207481,0.0053060962818562984,0.9996395707130432,2774.0,2774.0,50.0,0.17111621797084808,34.80015182495117,10.492851257324219,0.4574025869369507,0.0009345136350020766,0.0015124736819416285,1.0,2623.0,2623.0,50.0,0.03150885924696922,34.15552520751953,11.33300495147705,0.4441269338130951,0.024385517463088036,0.011146961711347103,0.9968354105949402,948.0,948.0,50.0,0.716604471206665,36.47512435913086,7.460536479949951,0.46179959177970886,0.08242833614349365,0.0423010028898716,0.9636364579200745,55.0,55.0,33.0,2.1426267623901367,32.74501037597656,4.336129665374756,0.4598780870437622,0.007017618976533413,0.007017620839178562,0.9990625381469727,8361.060546875,0.41805302734375,0.21164211630821228,34.76639938354492,10.335111618041992,0.45263421535491943
34,699,0.008405969478189945,0.007788107264786959,0.9985984563827515,2854.0,2854.0,50.0,0.24819131195545197,34.63248825073242,10.38501262664795,0.456856369972229,0.0029367804527282715,0.0027972119860351086,0.9992242455482483,2578.0,2578.0,50.0,0.0896635577082634,34.088226318359375,11.245739936828613,0.4449034631252289,0.032632917165756226,0.018875695765018463,0.9888888597488403,900.0,900.0,50.0,0.9295157790184021,36.258670806884766,7.619545936584473,0.46198588609695435,0.1356590837240219,0.08951747417449951,0.9117648005485535,68.0,68.0,36.0,3.143268585205078,30.924089431762695,4.2893524169921875,0.4493996202945709,0.010961892083287239,0.01096189022064209,0.9965626001358032,8360.98046875,0.4180490234375,0.3109058141708374,34.60253143310547,10.278064727783203,0.452683687210083
34,749,0.00715877627953887,0.006609909702092409,0.9992941617965698,2834.0,2834.0,50.0,0.22597049176692963,34.68534851074219,10.346308708190918,0.4573442041873932,0.002898109145462513,0.0025674053467810154,1.0,2654.0,2654.0,50.0,0.09331808239221573,34.007022857666016,11.063162803649902,0.44426229596138,0.017900748178362846,0.01291882898658514,0.9976415634155273,848.0,848.0,50.0,0.5357160568237305,37.0467529296875,8.027458190917969,0.46235552430152893,0.10660222917795181,0.06035102903842926,0.953125,64.0,64.0,33.0,2.6485447883605957,32.85115051269531,4.515431880950928,0.4652281701564789,0.007809676229953766,0.007809676695615053,0.9989061951637268,8360.900390625,0.41804501953125,0.23622822761535645,34.69860076904297,10.278022766113281,0.4526621699333191
34,799,0.0061806244775652885,0.0068319858983159065,0.9996505975723267,2862.0,2862.0,50.0,0.20209312438964844,34.640464782714844,10.2869873046875,0.4562360346317291,0.0013265239540487528,0.0011041691759601235,1.0,2628.0,2628.0,50.0,0.04345974698662758,34.127777099609375,11.107385635375977,0.44460517168045044,0.028876394033432007,0.039924610406160355,0.99303138256073,861.0,861.0,50.0,0.7487308979034424,36.85854721069336,7.73661470413208,0.4648604094982147,0.11920933425426483,0.06965511292219162,0.9591836333274841,49.0,49.0,30.0,2.9931726455688477,32.55018615722656,5.063757419586182,0.46546003222465515,0.008106076158583164,0.008106076158583164,0.9985937476158142,8360.8193359375,0.418040966796875,0.2318633645772934,34.71234130859375,10.240768432617188,0.4526910185813904
34,849,0.005767832510173321,0.00435834564268589,0.9996476769447327,2839.0,2839.0,50.0,0.18859708309173584,34.711814880371094,10.310839653015137,0.45711755752563477,0.002211485058069229,0.0017445168923586607,1.0,2649.0,2649.0,50.0,0.07284922897815704,34.05470275878906,11.125865936279297,0.44426587224006653,0.020773503929376602,0.024536242708563805,0.9965277910232544,864.0,864.0,50.0,0.6452457308769226,36.837955474853516,7.800163269042969,0.4637562930583954,0.10297548025846481,0.11778370290994644,0.9583333134651184,48.0,48.0,31.0,2.4979066848754883,32.49085998535156,4.312956809997559,0.4596215486526489,0.007050660904496908,0.0070506613701581955,0.9990624189376831,8360.73828125,0.41803691406250004,0.21965572237968445,34.710205078125,10.26425838470459,0.45271316170692444
34,899,0.0077067650854587555,0.006768255028873682,0.9989263415336609,2794.0,2794.0,50.0,0.2359052300453186,34.48503494262695,10.362774848937988,0.45466598868370056,0.0021698903292417526,0.0020391945727169514,1.0,2637.0,2637.0,50.0,0.06973498314619064,34.28565216064453,11.400199890136719,0.4469339847564697,0.02958589605987072,0.016522711142897606,0.9934925436973572,922.0,922.0,50.0,0.856178879737854,36.300811767578125,7.796295166015625,0.46278566122055054,0.16063781082630157,0.08505132794380188,0.936170220375061,47.0,47.0,30.0,3.519400119781494,30.908349990844727,4.182604789733887,0.4575040340423584,0.009700448252260685,0.00970044918358326,0.9981250762939453,8360.6572265625,0.418032861328125,0.2809092402458191,34.63820266723633,10.375107765197754,0.45267075300216675
34,949,0.007745741866528988,0.0057105994783341885,0.9992870092391968,2805.0,2805.0,50.0,0.20874972641468048,34.607059478759766,10.480011940002441,0.4555506706237793,0.001927700242958963,0.002996531780809164,0.9996172785758972,2613.0,2613.0,50.0,0.06281929463148117,34.20537185668945,11.336796760559082,0.44583579897880554,0.019404370337724686,0.01817660592496395,0.9967602491378784,926.0,926.0,50.0,0.6073848605155945,36.707462310791016,7.702457904815674,0.4626201093196869,0.126161128282547,0.1707795262336731,0.9642857313156128,56.0,56.0,33.0,2.9630677700042725,31.248371124267578,4.617190837860107,0.4557245671749115,0.008093333803117275,0.008093336597084999,0.9987500309944153,8360.578125,0.41802890625,0.2309468686580658,34.717567443847656,10.376644134521484,0.4526086449623108
34,999,0.007250235415995121,0.0069558750838041306,0.9985575079917908,2773.0,2773.0,50.0,0.2125856876373291,34.88174819946289,10.675565719604492,0.45898836851119995,0.0019257751991972327,0.001684978953562677,0.9996138215065002,2590.0,2590.0,50.0,0.061371345072984695,34.10292053222656,11.377851486206055,0.44410523772239685,0.03093768283724785,0.024567537009716034,0.9938839077949524,981.0,981.0,50.0,0.8888885974884033,35.8154411315918,7.512872219085693,0.45728978514671326,0.11621616780757904,0.08766873180866241,0.9285714626312256,56.0,56.0,36.0,2.8034443855285645,31.309112548828125,4.38613748550415,0.450626403093338,0.009679784998297691,0.00967978686094284,0.9976562261581421,8360.4970703125,0.418024853515625,0.2777256965637207,34.67842102050781,10.419958114624023,0.4526318311691284
34,1049,0.008048105984926224,0.006240267306566238,0.9985920190811157,2841.0,2841.0,50.0,0.2393273562192917,34.70942306518555,10.377619743347168,0.45765331387519836,0.0027518104761838913,0.0019262440036982298,1.0,2640.0,2640.0,50.0,0.08830355852842331,33.991519927978516,11.075671195983887,0.44424495100975037,0.015711966902017593,0.016674866899847984,0.9988570809364319,875.0,875.0,50.0,0.49203526973724365,36.946231842041016,7.895751953125,0.46169403195381165,0.05758976563811302,0.06310614943504333,1.0,44.0,44.0,30.0,1.776557445526123,33.502986907958984,4.4251275062561035,0.4642738103866577,0.007251776289194822,0.00725177675485611,0.999218761920929,8360.4169921875,0.418020849609375,0.22214841842651367,34.71080780029297,10.285324096679688,0.4527202844619751
34,1099,0.006544319447129965,0.007405223324894905,0.9993020296096802,2866.0,2866.0,50.0,0.1824508160352707,34.669654846191406,10.383413314819336,0.4561525285243988,0.0014861547388136387,0.0015572456177324057,1.0,2593.0,2593.0,50.0,0.0489838533103466,34.12468338012695,11.246466636657715,0.44473764300346375,0.019186869263648987,0.017152760177850723,0.9966139197349548,886.0,886.0,50.0,0.5967313647270203,36.87409210205078,7.816000461578369,0.4633462131023407,0.08963236212730408,0.07484782487154007,1.0,55.0,55.0,33.0,2.6170904636383057,31.6833553314209,3.920550584793091,0.46476948261260986,0.006959212478250265,0.00695921340957284,0.9992186427116394,8360.3388671875,0.418016943359375,0.2066504955291748,34.728370666503906,10.322118759155273,0.45259764790534973
34,1149,0.006763652432709932,0.007358108181506395,0.9992955327033997,2839.0,2839.0,50.0,0.21215790510177612,34.76165771484375,10.461212158203125,0.458484023809433,0.0022489684633910656,0.0018200185149908066,1.0,2626.0,2626.0,50.0,0.07261406630277634,33.970359802246094,11.157218933105469,0.4429108500480652,0.022303737699985504,0.018412554636597633,0.9977323412895203,882.0,882.0,50.0,0.69134920835495,36.63669204711914,7.782829284667969,0.4633195996284485,0.07593408226966858,0.06422388553619385,1.0,53.0,53.0,34.0,2.177576780319214,31.71316909790039,4.511017322540283,0.4515208899974823,0.007625655736774206,0.007625656668096781,0.9993749856948853,8360.2578125,0.418012890625,0.23721599578857422,34.670135498046875,10.32840347290039,0.45270290970802307
34,1199,0.006720223929733038,0.005860316101461649,0.998943567276001,2840.0,2840.0,50.0,0.208038330078125,34.633548736572266,10.509712219238281,0.4561731219291687,0.0018384928116574883,0.0019064760999754071,1.0,2590.0,2590.0,50.0,0.06251435726881027,34.12842559814453,11.254141807556152,0.44526079297065735,0.021584484726190567,0.01887209340929985,0.9977971911430359,908.0,908.0,50.0,0.6517073512077332,36.58417510986328,7.6358561515808105,0.4619099795818329,0.14576932787895203,0.09567335247993469,0.9516128301620483,62.0,62.0,37.0,2.961904764175415,31.55748176574707,4.426849842071533,0.45819053053855896,0.008200555108487606,0.008200553245842457,0.9987499713897705,8360.1767578125,0.41800883789062504,0.23877021670341492,34.67607879638672,10.344317436218262,0.4525904953479767
34,1249,0.008596259169280529,0.00795771088451147,0.9989316463470459,2808.0,2808.0,50.0,0.24057133495807648,34.549102783203125,10.457294464111328,0.45589515566825867,0.002062383107841015,0.0020775028970092535,1.0,2635.0,2635.0,50.0,0.06703823804855347,34.13033676147461,11.259770393371582,0.44528236985206604,0.02041027322411537,0.019527701660990715,0.9988725781440735,887.0,887.0,50.0,0.6759912967681885,36.67593765258789,7.647193431854248,0.4640769064426422,0.13150538504123688,0.09294180572032928,0.9571427702903748,70.0,70.0,40.0,2.8571672439575195,32.539276123046875,4.441397666931152,0.4638124704360962,0.00888780690729618,0.00888780690729618,0.9989062547683716,8360.09765625,0.41800488281250003,0.25808998942375183,34.649471282958984,10.332427978515625,0.4527462124824524
34,1271,0.005747578572481871,0.005912123713642359,1.0,1155.0,1155.0,22.0,0.19346033036708832,34.587928771972656,10.458625793457031,0.4562515616416931,0.0020932196639478207,0.0025370095390826464,1.0,1202.0,1202.0,22.0,0.06810539215803146,34.13811492919922,11.307040214538574,0.44481611251831055,0.021014971658587456,0.01935092732310295,1.0,380.0,380.0,22.0,0.6722331643104553,36.8612060546875,7.880640029907227,0.4647975564002991,0.06715263426303864,0.09327106922864914,1.0,33.0,33.0,16.0,1.8803396224975586,33.46956253051758,4.555505752563477,0.46797889471054077,0.006989159155637026,0.006987808272242546,1.0,8360.0625,0.41800312500000003,0.22484084963798523,34.6912727355957,10.40279769897461,0.4526014029979706
35,49,0.0066824317909777164,0.006088724825531244,0.9986234903335571,2906.0,2906.0,50.0,0.19849775731563568,34.756778717041016,10.600431442260742,0.45746728777885437,0.001395657891407609,0.0010852577397599816,1.0,2528.0,2528.0,50.0,0.046612247824668884,34.02106857299805,11.325424194335938,0.4427996873855591,0.016944261267781258,0.012737255543470383,1.0,912.0,912.0,50.0,0.5598735213279724,36.967830657958984,7.828158855438232,0.4639177620410919,0.10676746815443039,0.23189908266067505,0.9629629254341125,54.0,54.0,31.0,2.2463653087615967,32.295597076416016,4.08272647857666,0.45021623373031616,0.006900935899466276,0.006900934036821127,0.9990625381469727,8359.9794921875,0.417998974609375,0.20727792382240295,34.76048278808594,10.436761856079102,0.4525315761566162
35,99,0.00602731155231595,0.006921360734850168,0.9992926716804504,2827.0,2827.0,50.0,0.19276057183742523,34.72989273071289,10.504711151123047,0.4570184051990509,0.002391026820987463,0.002461108611896634,1.0,2635.0,2635.0,50.0,0.07782015949487686,34.00681686401367,11.200654029846191,0.4435957372188568,0.01933879218995571,0.013628749176859856,0.997755229473114,891.0,891.0,50.0,0.6248462200164795,36.9318962097168,7.743905544281006,0.46502166986465454,0.06677040457725525,0.055094245821237564,0.978723406791687,47.0,47.0,35.0,1.5087660551071167,35.29853439331055,4.876639366149902,0.4703342914581299,0.006829475983977318,0.006829474586993456,0.9992188215255737,8359.8994140625,0.417994970703125,0.21525630354881287,34.74292755126953,10.365556716918945,0.4527040123939514
35,149,0.006255471147596836,0.008030612021684647,0.9996508955955505,2864.0,2864.0,50.0,0.2053392082452774,34.75370407104492,10.530075073242188,0.45763781666755676,0.00216074101626873,0.001990052405744791,1.0,2617.0,2617.0,50.0,0.07303837686777115,33.99437713623047,11.148149490356445,0.4432710111141205,0.022471584379673004,0.01617318205535412,0.9930068850517273,858.0,858.0,50.0,0.6582569479942322,36.91659164428711,7.9581708908081055,0.46424728631973267,0.14019374549388885,0.11417832970619202,0.9672131538391113,61.0,61.0,36.0,2.9249801635742188,31.098539352416992,4.238351345062256,0.45314180850982666,0.008031683042645454,0.008031683042645454,0.998593807220459,8359.818359375,0.41799091796875004,0.23788142204284668,34.698333740234375,10.378045082092285,0.4526063799858093
35,199,0.004265039227902889,0.0034478765446692705,1.0,2849.0,2849.0,50.0,0.14019888639450073,34.76100158691406,10.57115364074707,0.45681318640708923,0.0015041896840557456,0.0015682097291573882,1.0,2572.0,2572.0,50.0,0.049939561635255814,34.138729095458984,11.429460525512695,0.44469982385635376,0.01806578040122986,0.018681900575757027,0.9989107251167297,918.0,918.0,50.0,0.5820465087890625,36.64459228515625,7.696794509887695,0.46137604117393494,0.07064557075500488,0.04642385616898537,0.9672131538391113,61.0,61.0,35.0,1.8962435722351074,33.258522033691406,4.630642414093018,0.4604853093624115,0.005767755210399628,0.005767756141722202,0.9995312690734863,8359.7392578125,0.41798696289062504,0.18404075503349304,34.76678466796875,10.447174072265625,0.45263463258743286
35,249,0.006530540995299816,0.00726156635209918,0.998916745185852,2769.0,2769.0,50.0,0.19588981568813324,34.75661087036133,10.642276763916016,0.457450270652771,0.0015903869643807411,0.0011132619110867381,1.0,2649.0,2649.0,50.0,0.05337570607662201,34.1195182800293,11.392723083496094,0.4446503818035126,0.02134382724761963,0.01587008126080036,0.9989292621612549,934.0,934.0,50.0,0.6551008224487305,36.48286056518555,7.825249195098877,0.46007293462753296,0.08045871555805206,0.03878236934542656,0.9791667461395264,48.0,48.0,30.0,2.105041980743408,33.47880554199219,4.771275997161865,0.46999824047088623,0.007202059030532837,0.0072020553052425385,0.9992188215255737,8359.6591796875,0.41798295898437504,0.21823710203170776,34.73525619506836,10.497749328613281,0.4526292085647583
35,299,0.004698706790804863,0.003720363834872842,0.9996399879455566,2777.0,2777.0,50.0,0.1541750729084015,34.7879524230957,10.550607681274414,0.4574231207370758,0.0020378860644996166,0.0013645133003592491,1.0,2671.0,2671.0,50.0,0.06272093206644058,34.04868698120117,11.263084411621094,0.44354939460754395,0.018247302621603012,0.019423609599471092,1.0,892.0,892.0,50.0,0.5941476225852966,36.80609130859375,7.813061714172363,0.4630930423736572,0.07720385491847992,0.07892359793186188,1.0,60.0,60.0,35.0,2.1715378761291504,32.83705520629883,5.012692928314209,0.4629895091056824,0.006156300660222769,0.006156301125884056,0.9998437166213989,8359.578125,0.41797890625,0.19624121487140656,34.74241256713867,10.414491653442383,0.4524754583835602
35,349,0.007270210888236761,0.008535712026059628,0.9992930889129639,2829.0,2829.0,50.0,0.22008292376995087,34.720481872558594,10.456096649169922,0.4573414921760559,0.0015797143569216132,0.0014100586995482445,1.0,2628.0,2628.0,50.0,0.05221442133188248,34.049110412597656,11.381919860839844,0.4438522160053253,0.020870879292488098,0.01412717904895544,0.99776291847229,894.0,894.0,50.0,0.6400409936904907,36.699951171875,7.956417560577393,0.46166300773620605,0.0702730044722557,0.041534870862960815,0.9795918464660645,49.0,49.0,32.0,1.7427723407745361,33.997642517089844,4.365016460418701,0.4612053334712982,0.007315758150070906,0.007315759547054768,0.9992188215255737,8359.4990234375,0.417974951171875,0.22147290408611298,34.71577453613281,10.440454483032227,0.452435702085495
35,399,0.005973671097308397,0.006642096675932407,0.9992798566818237,2777.0,2777.0,50.0,0.18755559623241425,34.75428771972656,10.616127967834473,0.4570247232913971,0.001565584447234869,0.0016947840340435505,1.0,2680.0,2680.0,50.0,0.05289193615317345,34.132511138916016,11.341835021972656,0.44447988271713257,0.012193126603960991,0.012883812189102173,1.0,898.0,898.0,50.0,0.3939993381500244,37.26107406616211,8.15752124786377,0.4629659056663513,0.09647215902805328,0.16800394654273987,0.9555555582046509,45.0,45.0,32.0,2.5696640014648438,31.19307518005371,4.114327907562256,0.44996941089630127,0.005636769812554121,0.005636769346892834,0.99937504529953,8359.41796875,0.4179708984375,0.17688101530075073,34.82061004638672,10.529329299926758,0.4525555968284607
35,449,0.006340185645967722,0.007293657399713993,0.998270571231842,2891.0,2891.0,50.0,0.18828003108501434,34.600074768066406,10.541611671447754,0.45542967319488525,0.0015268382849171758,0.0016290182247757912,1.0,2573.0,2573.0,50.0,0.0505574569106102,34.06239318847656,11.461528778076172,0.4438483417034149,0.01667543314397335,0.013135859742760658,0.9977375864982605,884.0,884.0,50.0,0.5331132411956787,37.284217834472656,8.116016387939453,0.46647346019744873,0.03368056192994118,0.022225096821784973,1.0,52.0,52.0,34.0,1.1544896364212036,35.6546516418457,4.757511138916016,0.4738543927669525,0.006054766476154327,0.00605476601049304,0.9989063143730164,8359.3359375,0.41796679687500005,0.1883918046951294,34.76322555541992,10.529415130615234,0.4524487257003784
35,499,0.005109412595629692,0.005616268143057823,0.9993021488189697,2866.0,2866.0,50.0,0.15705274045467377,34.66278839111328,10.67839527130127,0.45569202303886414,0.0013820353196933866,0.0015258679632097483,1.0,2541.0,2541.0,50.0,0.04613632708787918,34.16183090209961,11.613716125488281,0.4445399343967438,0.025312146171927452,0.022770123556256294,0.9945710897445679,921.0,921.0,50.0,0.7126431465148926,36.61697769165039,7.818130016326904,0.4630628228187561,0.06502146273851395,0.0782223716378212,1.0,72.0,72.0,41.0,1.8398596048355103,34.001220703125,4.789488315582275,0.4706178605556488,0.007210838608443737,0.007210837677121162,0.9989062547683716,8359.255859375,0.41796279296875,0.21189996600151062,34.7376708984375,10.57188606262207,0.452492892742157
35,549,0.006125468760728836,0.006375769153237343,0.9996431469917297,2802.0,2802.0,50.0,0.20005516707897186,34.709041595458984,10.554984092712402,0.45731061697006226,0.0016290618805214763,0.0013185656862333417,1.0,2653.0,2653.0,50.0,0.05229591578245163,33.96775436401367,11.4198637008667,0.442571759223938,0.026251742616295815,0.01443792786449194,0.9944320321083069,898.0,898.0,50.0,0.7177944183349609,37.0805549621582,8.140979766845703,0.46673640608787537,0.12160028517246246,0.07873748987913132,0.9787234663963318,47.0,47.0,29.0,2.1407549381256104,32.31993865966797,4.098649024963379,0.4475739300251007,0.007933556102216244,0.00793355330824852,0.9989063143730164,8359.1767578125,0.41795883789062505,0.22570164501667023,34.71696472167969,10.527375221252441,0.4524519443511963
35,599,0.006200342904776335,0.007576790172606707,1.0,2787.0,2787.0,50.0,0.20197707414627075,34.65644836425781,10.700571060180664,0.4568789303302765,0.0017086281441152096,0.0016139689832925797,1.0,2642.0,2642.0,50.0,0.05480455607175827,34.06521224975586,11.404376983642578,0.44404205679893494,0.025776535272598267,0.020090991631150246,0.9923247694969177,912.0,912.0,50.0,0.741263210773468,36.78901672363281,8.090387344360352,0.46497663855552673,0.13092587888240814,0.10397540777921677,0.9322033524513245,59.0,59.0,35.0,2.8888063430786133,30.34383201599121,4.183681011199951,0.4383201003074646,0.008285527117550373,0.008285528048872948,0.9982812404632568,8359.095703125,0.41795478515625,0.24283990263938904,34.676513671875,10.55908203125,0.452562540769577
35,649,0.0068052406422793865,0.0055333711206912994,0.9989620447158813,2890.0,2890.0,50.0,0.2062544971704483,34.69038772583008,10.52414321899414,0.45674729347229004,0.002546316012740135,0.0018640542402863503,0.999611496925354,2573.0,2573.0,50.0,0.06984596699476242,34.00739288330078,11.315625190734863,0.44356271624565125,0.01611972600221634,0.009746490977704525,0.9988725781440735,887.0,887.0,50.0,0.5056332349777222,37.036842346191406,7.880221366882324,0.46307700872421265,0.058045681565999985,0.027581598609685898,0.9800000190734863,50.0,50.0,31.0,1.5176907777786255,34.81646728515625,5.011027812957764,0.4711896479129791,0.006784264929592609,0.006784265395253897,0.9990625977516174,8359.0146484375,0.417950732421875,0.2031516134738922,34.74198913574219,10.432841300964355,0.45243674516677856
35,699,0.005144387483596802,0.004922825377434492,0.999262809753418,2713.0,2713.0,50.0,0.16462115943431854,34.66004943847656,10.544670104980469,0.45552578568458557,0.001283216872252524,0.001016890979371965,1.0,2737.0,2737.0,50.0,0.041159942746162415,34.199031829833984,11.443242073059082,0.44515159726142883,0.015047833323478699,0.011255601420998573,0.9977476596832275,888.0,888.0,50.0,0.46946653723716736,37.27678680419922,8.153918266296387,0.4644049406051636,0.14608997106552124,0.10254961252212524,0.9516129493713379,62.0,62.0,34.0,3.172150135040283,31.271406173706055,4.280908584594727,0.4589066803455353,0.006232645828276873,0.0062326472252607346,0.9989062547683716,8358.9345703125,0.41794672851562503,0.1832549273967743,34.79313659667969,10.536553382873535,0.45235395431518555
35,749,0.005696190055459738,0.0052740685641765594,0.9996429681777954,2801.0,2801.0,50.0,0.187693253159523,34.68998336791992,10.558207511901855,0.45662617683410645,0.0011781788198277354,0.0011455378262326121,1.0,2636.0,2636.0,50.0,0.038877665996551514,34.12779235839844,11.504866600036621,0.4445688724517822,0.019902026280760765,0.016533207148313522,0.997787594795227,904.0,904.0,50.0,0.6212325096130371,36.74655532836914,8.002067565917969,0.46250659227371216,0.07137135416269302,0.07234804332256317,0.9661017656326294,59.0,59.0,33.0,1.9026405811309814,33.26774215698242,4.839205265045166,0.45948725938796997,0.0064473506063222885,0.006447351537644863,0.999218761920929,8358.8544921875,0.41794272460937504,0.20344692468643188,34.73581314086914,10.53433609008789,0.4525170624256134
35,799,0.006255713757127523,0.005572820547968149,0.9993012547492981,2862.0,2862.0,50.0,0.19932878017425537,34.63690948486328,10.5278902053833,0.45627346634864807,0.002984132617712021,0.002496433909982443,0.9996174573898315,2614.0,2614.0,50.0,0.09496015310287476,33.93616485595703,11.281050682067871,0.44364047050476074,0.014580849558115005,0.01168539747595787,1.0,870.0,870.0,50.0,0.48590290546417236,37.18370056152344,7.860405921936035,0.4655934274196625,0.11931386590003967,0.041503794491291046,0.9629629254341125,54.0,54.0,31.0,2.8174755573272705,32.73693084716797,5.027328968048096,0.4646766185760498,0.007005105726420879,0.00700510386377573,0.9992188215255737,8358.7744140625,0.41793872070312504,0.21774747967720032,34.680870056152344,10.42648696899414,0.4524514973163605
35,849,0.004177342634648085,0.0027692627627402544,0.9996452331542969,2818.0,2818.0,50.0,0.13329164683818817,34.7943115234375,10.816286087036133,0.45655810832977295,0.0013611606555059552,0.0010625338181853294,1.0,2597.0,2597.0,50.0,0.04464874416589737,34.063533782958984,11.43110179901123,0.44388648867607117,0.025342823937535286,0.026433805003762245,0.9967495799064636,923.0,923.0,50.0,0.7481712102890015,36.56102752685547,7.899674415588379,0.46338197588920593,0.08824829012155533,0.09821944683790207,0.9677420258522034,62.0,62.0,38.0,2.12467622756958,33.55521774291992,4.651552200317383,0.46487945318222046,0.006901483982801437,0.006901484914124012,0.9990625381469727,8358.693359375,0.41793466796875,0.20529070496559143,34.74056625366211,10.585415840148926,0.45248091220855713
35,899,0.00704142777249217,0.009887353517115116,0.9989273548126221,2797.0,2797.0,50.0,0.21375282108783722,34.60251998901367,10.593794822692871,0.456238716840744,0.001996616367250681,0.004288644529879093,0.9996203184127808,2634.0,2634.0,50.0,0.06299258023500443,34.12759780883789,11.567205429077148,0.44504567980766296,0.020011771470308304,0.017252491787075996,0.9956378936767578,917.0,917.0,50.0,0.6068648099899292,36.908687591552734,8.13657283782959,0.46253111958503723,0.0732448473572731,0.06528928875923157,1.0,52.0,52.0,32.0,2.193303108215332,33.06718063354492,4.350912094116211,0.4691636562347412,0.007361483294516802,0.0073614828288555145,0.9987499713897705,8358.6123046875,0.417930615234375,0.22411498427391052,34.72501754760742,10.591617584228516,0.4526386857032776
35,949,0.00620694225654006,0.009264727123081684,0.9989233613014221,2786.0,2786.0,50.0,0.19934959709644318,34.59470748901367,10.554422378540039,0.45573607087135315,0.002015874721109867,0.0032390239648520947,1.0,2665.0,2665.0,50.0,0.06797686964273453,34.14906692504883,11.416887283325195,0.44543930888175964,0.01631557196378708,0.01246325671672821,0.9988789558410645,892.0,892.0,50.0,0.5362310409545898,37.013423919677734,8.037601470947266,0.4633113741874695,0.10469765961170197,0.05506565421819687,0.9473683834075928,57.0,57.0,34.0,2.37182354927063,32.62211608886719,4.900763988494873,0.4542669951915741,0.006747829727828503,0.006747828796505928,0.9989063143730164,8358.5322265625,0.41792661132812503,0.21094661951065063,34.72867965698242,10.512422561645508,0.4524911642074585
35,999,0.006719775497913361,0.006760357413440943,0.9985726475715637,2802.0,2802.0,50.0,0.19934718310832977,34.778663635253906,10.785649299621582,0.4572712779045105,0.0014555291272699833,0.0011799463536590338,1.0,2626.0,2626.0,50.0,0.04784582927823067,33.93460464477539,11.367080688476562,0.4420626759529114,0.02040494792163372,0.014366846531629562,0.9967213869094849,915.0,915.0,50.0,0.6501544117927551,36.88630676269531,7.786675930023193,0.466288298368454,0.035452987998723984,0.05306006222963333,1.0,57.0,57.0,39.0,1.0943279266357422,35.30562973022461,4.881622314453125,0.4676976203918457,0.006772247143089771,0.006772246677428484,0.9989063739776611,8358.4521484375,0.41792260742187504,0.20960654318332672,34.73835754394531,10.542875289916992,0.45241302251815796
35,1049,0.005431360099464655,0.003168246243149042,0.9992956519126892,2840.0,2840.0,50.0,0.17062196135520935,34.856014251708984,10.661554336547852,0.4584113359451294,0.0015676793409511447,0.001932127750478685,1.0,2630.0,2630.0,50.0,0.05083799734711647,33.96310043334961,11.384636878967285,0.4427191913127899,0.014663188718259335,0.011932853609323502,1.0,884.0,884.0,50.0,0.4877304434776306,37.187068939208984,8.237018585205078,0.4635230600833893,0.1482929289340973,0.08381924033164978,0.9347826242446899,46.0,46.0,30.0,3.169490337371826,31.058433532714844,4.460109710693359,0.4506757855415344,0.006145593244582415,0.006145592778921127,0.9992186427116394,8358.37109375,0.4179185546875,0.18675321340560913,34.78376388549805,10.57923412322998,0.45261329412460327
35,1099,0.005236085969954729,0.004949877038598061,0.9996445775032043,2814.0,2814.0,50.0,0.16367806494235992,34.734039306640625,10.613150596618652,0.45684608817100525,0.0018035753164440393,0.0011619291035458446,1.0,2646.0,2646.0,50.0,0.056830164045095444,33.982887268066406,11.445714950561523,0.4430512487888336,0.016426734626293182,0.016681360080838203,1.0,893.0,893.0,50.0,0.5377516150474548,37.04781723022461,7.931376934051514,0.46435171365737915,0.04451800510287285,0.04420799762010574,1.0,47.0,47.0,28.0,1.374729871749878,35.76809310913086,5.554143905639648,0.47830167412757874,0.005666878540068865,0.005666879005730152,0.9998437166213989,8358.2919921875,0.417914599609375,0.18059174716472626,34.75392150878906,10.5460205078125,0.45234763622283936
35,1149,0.006947532296180725,0.0059031094424426556,0.9985413551330566,2742.0,2742.0,50.0,0.2161785513162613,34.647159576416016,10.781342506408691,0.45699477195739746,0.0015391631750389934,0.001297903130762279,1.0,2704.0,2704.0,50.0,0.04929794371128082,34.028221130371094,11.493690490722656,0.4434724748134613,0.024407412856817245,0.026804938912391663,0.9922134280204773,899.0,899.0,50.0,0.7048718333244324,36.98200607299805,8.174365997314453,0.4655526578426361,0.038217052817344666,0.031179722398519516,1.0,55.0,55.0,33.0,1.150194525718689,35.24710464477539,4.862315654754639,0.46840739250183105,0.007383788004517555,0.007383786141872406,0.9982813000679016,8358.2119140625,0.417910595703125,0.22234433889389038,34.718788146972656,10.665245056152344,0.45258182287216187
35,1199,0.008971553295850754,0.004513981752097607,0.9982224106788635,2813.0,2813.0,50.0,0.226376473903656,34.53772735595703,10.611892700195312,0.4551684558391571,0.001815133960917592,0.0017587071051821113,1.0,2643.0,2643.0,50.0,0.05987926945090294,34.07891845703125,11.543787956237793,0.4444837272167206,0.028659865260124207,0.03848304599523544,0.9899441599845886,895.0,895.0,50.0,0.7520332336425781,36.99644470214844,7.932918548583984,0.4676242172718048,0.1629694104194641,0.22088177502155304,0.9387755393981934,49.0,49.0,32.0,3.6355576515197754,30.824790954589844,4.484580039978027,0.4522779881954193,0.009948511607944965,0.009948509745299816,0.9973436594009399,8358.130859375,0.41790654296875,0.25722968578338623,34.66366195678711,10.575185775756836,0.45247572660446167
35,1249,0.007406145799905062,0.005007167346775532,0.9989317059516907,2808.0,2808.0,50.0,0.20184919238090515,34.73786163330078,10.688980102539062,0.4574376940727234,0.0015260358341038227,0.00100535003002733,1.0,2641.0,2641.0,50.0,0.04937497526407242,33.97223663330078,11.49252986907959,0.44276148080825806,0.017363563179969788,0.015785522758960724,0.9966777563095093,903.0,903.0,50.0,0.537160336971283,37.05217742919922,7.953006267547607,0.4642372727394104,0.0760260820388794,0.057360343635082245,0.9791667461395264,48.0,48.0,27.0,2.2119929790496826,32.895362854003906,4.599813938140869,0.4664257764816284,0.00689926091581583,0.006899260450154543,0.9989062547683716,8358.0517578125,0.417902587890625,0.20131614804267883,34.73463821411133,10.588871955871582,0.4524082541465759
35,1271,0.004341750871390104,0.004336772486567497,1.0,1199.0,1199.0,22.0,0.14644372463226318,34.662109375,10.661227226257324,0.45576781034469604,0.00182715046685189,0.0014474567724391818,1.0,1139.0,1139.0,22.0,0.06166008487343788,34.22391128540039,11.795875549316406,0.4461979269981384,0.025381606072187424,0.017386432737112045,0.9924623370170593,398.0,398.0,22.0,0.6791132688522339,36.65351104736328,7.993314743041992,0.46022140979766846,0.08948036283254623,0.07657987624406815,0.970588207244873,34.0,34.0,19.0,1.9363865852355957,33.50691604614258,4.771765232086182,0.4594250023365021,0.007296641357243061,0.007375846616923809,0.9985559582710266,8358.0166015625,0.417900830078125,0.21008703112602234,34.753875732421875,10.672163963317871,0.452517569065094
36,49,0.004673804622143507,0.003914540633559227,1.0,2869.0,2869.0,50.0,0.15751288831233978,34.781246185302734,10.665501594543457,0.45721423625946045,0.0015089367516338825,0.0010824436321854591,1.0,2599.0,2599.0,50.0,0.0494450107216835,34.073020935058594,11.480083465576172,0.44406846165657043,0.013515370897948742,0.010567585937678814,1.0,873.0,873.0,50.0,0.44643357396125793,37.016746520996094,8.16687297821045,0.4609525203704834,0.030722545459866524,0.02525966614484787,1.0,59.0,59.0,34.0,1.0131117105484009,35.7835807800293,5.294628143310547,0.4718479514122009,0.004834754858165979,0.00483475299552083,1.0,8357.93359375,0.4178966796875,0.16092532873153687,34.80781555175781,10.60595703125,0.4525206387042999
36,99,0.005453794728964567,0.00503217289224267,0.9996470212936401,2833.0,2833.0,50.0,0.17733944952487946,34.58043670654297,10.727519035339355,0.45504704117774963,0.001180922845378518,0.0010879437904804945,1.0,2568.0,2568.0,50.0,0.03986673057079315,34.20326614379883,11.799291610717773,0.4455539286136627,0.023485800251364708,0.014621292240917683,0.9957671761512756,945.0,945.0,50.0,0.7271953225135803,36.60127639770508,7.908158302307129,0.4642537832260132,0.12070702016353607,0.1765676587820053,0.944444477558136,54.0,54.0,32.0,2.593573808670044,32.15085220336914,4.46713399887085,0.45242244005203247,0.007374291308224201,0.0073742917738854885,0.9987499713897705,8357.853515625,0.41789267578125,0.2237551510334015,34.70698547363281,10.68844985961914,0.4525752067565918
36,149,0.004660177044570446,0.0036234064027667046,0.9992867112159729,2804.0,2804.0,50.0,0.15443885326385498,34.69987869262695,10.68173599243164,0.4560011625289917,0.001185815199278295,0.0012222027871757746,1.0,2618.0,2618.0,50.0,0.04054202511906624,34.21138000488281,11.676382064819336,0.44551628828048706,0.013037661090493202,0.011370096355676651,0.9978283643722534,921.0,921.0,50.0,0.41489359736442566,37.04252624511719,8.218168258666992,0.4607505202293396,0.0892462506890297,0.09223122894763947,0.9824562072753906,57.0,57.0,33.0,2.2050249576568604,32.165225982666016,4.153397560119629,0.4538646638393402,0.005197861697524786,0.005197863094508648,0.9992187023162842,8357.7734375,0.417888671875,0.16359204053878784,34.814598083496094,10.675943374633789,0.4523766338825226
36,199,0.003894947934895754,0.0044248588383197784,1.0,2834.0,2834.0,50.0,0.13148805499076843,34.74127960205078,10.739466667175293,0.4562397003173828,0.001718002138659358,0.0012607857352122664,0.9996159672737122,2604.0,2604.0,50.0,0.05443746969103813,34.12080764770508,11.558433532714844,0.44494926929473877,0.01298556663095951,0.009219813160598278,1.0,915.0,915.0,50.0,0.42913737893104553,37.011619567871094,8.174639701843262,0.461089551448822,0.044218435883522034,0.04993568733334541,1.0,47.0,47.0,27.0,1.339978575706482,34.43519973754883,4.517941951751709,0.46447327733039856,0.004605004098266363,0.004605002701282501,0.9998437166213989,8357.69140625,0.41788457031250004,0.1515675038099289,34.81116485595703,10.66030502319336,0.4523997902870178
36,249,0.007617917377501726,0.008840183727443218,0.997895359992981,2851.0,2851.0,50.0,0.2353467047214508,34.602569580078125,10.593751907348633,0.45693641901016235,0.0017316327430307865,0.0016932593425735831,1.0,2618.0,2618.0,50.0,0.05427312105894089,34.09286117553711,11.546104431152344,0.44458121061325073,0.01898019015789032,0.01509866677224636,0.9955106973648071,891.0,891.0,50.0,0.5601503252983093,36.87651824951172,8.22926139831543,0.4612921178340912,0.07500765472650528,0.07307469844818115,1.0,40.0,40.0,28.0,2.040475845336914,32.43756866455078,4.363358974456787,0.45455366373062134,0.007213085889816284,0.0072130863554775715,0.9984374046325684,8357.611328125,0.41788056640625004,0.2177771031856537,34.697113037109375,10.615201950073242,0.45247387886047363
36,299,0.004975276533514261,0.004192359745502472,0.9996451139450073,2818.0,2818.0,50.0,0.16079840064048767,34.56621170043945,10.557015419006348,0.45486921072006226,0.001677913125604391,0.001003581564873457,0.9992460608482361,2653.0,2653.0,50.0,0.05146759748458862,34.11186218261719,11.538858413696289,0.4448900520801544,0.01786896400153637,0.01761605776846409,1.0,870.0,870.0,50.0,0.5829331874847412,36.98282241821289,7.881282329559326,0.4650218188762665,0.05606822296977043,0.09844641387462616,0.9830508828163147,59.0,59.0,37.0,1.5516360998153687,34.80474853515625,5.132994174957275,0.47151094675064087,0.005832163617014885,0.005832165479660034,0.9993749856948853,8357.53125,0.4178765625,0.18568310141563416,34.70857620239258,10.550285339355469,0.45226606726646423
36,349,0.005133197642862797,0.004961772821843624,1.0,2785.0,2785.0,50.0,0.16499868035316467,34.576622009277344,10.719131469726562,0.45502927899360657,0.0012348014861345291,0.0011220559244975448,1.0,2642.0,2642.0,50.0,0.041802529245615005,34.187774658203125,11.696976661682129,0.4454655945301056,0.02561998926103115,0.028864189982414246,0.9933626651763916,904.0,904.0,50.0,0.7359793186187744,36.701194763183594,8.020040512084961,0.4632635712623596,0.09333755075931549,0.12675674259662628,0.9855072498321533,69.0,69.0,37.0,2.063720464706421,33.15913772583008,4.775435924530029,0.4573555886745453,0.007368605583906174,0.00736860278993845,0.9989062547683716,8357.44921875,0.4178724609375,0.21526338160037994,34.7009162902832,10.677471160888672,0.45226943492889404
36,399,0.005154121201485395,0.004315299913287163,1.0,2809.0,2809.0,50.0,0.17063623666763306,34.819026947021484,10.728866577148438,0.45778822898864746,0.0010738378623500466,0.001018271897919476,1.0,2611.0,2611.0,50.0,0.03623636066913605,34.11476135253906,11.706443786621094,0.44409075379371643,0.016087736934423447,0.011450597085058689,1.0,925.0,925.0,50.0,0.5113143920898438,36.69452667236328,8.093366622924805,0.45913130044937134,0.033995576202869415,0.024420956149697304,1.0,55.0,55.0,33.0,1.0576424598693848,35.17160415649414,5.081665515899658,0.4649178087711334,0.005317597649991512,0.005317598581314087,1.0,8357.37109375,0.4178685546875,0.17266663908958435,34.805809020996094,10.69824504852295,0.45245546102523804
36,449,0.005224578082561493,0.008046124130487442,1.0,2841.0,2841.0,50.0,0.17314814031124115,34.66015625,10.765459060668945,0.45639437437057495,0.002105628838762641,0.0019730515778064728,0.9996139407157898,2590.0,2590.0,50.0,0.0636037141084671,34.075347900390625,11.689932823181152,0.44414106011390686,0.01340128667652607,0.012954846024513245,1.0,919.0,919.0,50.0,0.44421881437301636,37.08922576904297,8.281157493591309,0.4621966779232025,0.0667535662651062,0.03945093974471092,0.9800000190734863,50.0,50.0,35.0,1.8067946434020996,35.304901123046875,4.799142360687256,0.47255393862724304,0.005617197137326002,0.005617197602987289,0.9996874928474426,8357.2880859375,0.41786440429687505,0.18050378561019897,34.77732849121094,10.736239433288574,0.4523950219154358
36,499,0.004614322911947966,0.0031737706158310175,1.0,2756.0,2756.0,50.0,0.15377622842788696,34.70628356933594,10.761898040771484,0.45616471767425537,0.0013558928621932864,0.0014296176377683878,1.0,2690.0,2690.0,50.0,0.044418659061193466,34.14405059814453,11.623257637023926,0.44505923986434937,0.014642384834587574,0.011783174239099026,0.9988776445388794,891.0,891.0,50.0,0.47370290756225586,37.113548278808594,8.353622436523438,0.46210184693336487,0.09148156642913818,0.05981410667300224,0.9841270446777344,63.0,63.0,36.0,1.7562246322631836,34.13698196411133,4.849827766418457,0.4615324139595032,0.005495957564562559,0.0054959580302238464,0.9996874928474426,8357.2080078125,0.417860400390625,0.16812574863433838,34.79949951171875,10.730463981628418,0.4523763358592987
36,549,0.004401699639856815,0.003788807662203908,1.0,2817.0,2817.0,50.0,0.1496678590774536,34.74047088623047,10.722248077392578,0.456626296043396,0.0011234384728595614,0.000813556369394064,1.0,2651.0,2651.0,50.0,0.037880439311265945,34.05584716796875,11.514187812805176,0.443787544965744,0.01296564843505621,0.010668518953025341,1.0,883.0,883.0,50.0,0.4249516725540161,37.28048324584961,8.203927993774414,0.4638703763484955,0.13240665197372437,0.16690915822982788,0.9387755393981934,49.0,49.0,29.0,2.722991943359375,31.778146743774414,4.457831382751465,0.45215556025505066,0.005205376539379358,0.005205377470701933,0.9995312690734863,8357.1279296875,0.417856396484375,0.16104599833488464,34.78464889526367,10.65487289428711,0.45227348804473877
36,599,0.004767914768308401,0.0036422070115804672,0.9996473789215088,2836.0,2836.0,50.0,0.15457715094089508,34.81666946411133,10.867810249328613,0.45765626430511475,0.0017216819105669856,0.0016867315862327814,1.0,2632.0,2632.0,50.0,0.05539426580071449,33.856346130371094,11.416834831237793,0.44142207503318787,0.013699818402528763,0.009801876731216908,1.0,883.0,883.0,50.0,0.46150535345077515,37.48823928833008,8.193349838256836,0.46770551800727844,0.04741229861974716,0.04691252484917641,0.9795918464660645,49.0,49.0,32.0,1.2120777368545532,35.390445709228516,4.980062961578369,0.4699404835700989,0.005073971580713987,0.0050739711150527,0.9996874928474426,8357.046875,0.41785234375,0.16423118114471436,34.79472351074219,10.679525375366211,0.45246046781539917
36,649,0.004159959033131599,0.0031029577367007732,0.9996392130851746,2772.0,2772.0,50.0,0.13447454571723938,34.901058197021484,10.988570213317871,0.4584769904613495,0.00229238485917449,0.0013785148039460182,0.9996271133422852,2681.0,2681.0,50.0,0.07037469744682312,33.83082580566406,11.422758102416992,0.44164833426475525,0.015796666964888573,0.015437193214893341,0.99776291847229,894.0,894.0,50.0,0.5035625100135803,37.217071533203125,8.19460678100586,0.4641139507293701,0.06572525203227997,0.09341192245483398,0.9811321496963501,53.0,53.0,34.0,1.5677549839019775,34.15095520019531,5.309212684631348,0.46403393149375916,0.005512961186468601,0.005512960255146027,0.999218761920929,8356.966796875,0.41784833984375,0.17104902863502502,34.77003479003906,10.733139038085938,0.4522607922554016
36,699,0.0043213521130383015,0.0033089127391576767,0.9996413588523865,2788.0,2788.0,50.0,0.13893935084342957,34.71326446533203,10.834949493408203,0.45604124665260315,0.001249150256626308,0.0010697925463318825,1.0,2649.0,2649.0,50.0,0.04059144854545593,34.035560607910156,11.667490005493164,0.4434676766395569,0.01808113232254982,0.01098773255944252,0.9977602958679199,893.0,893.0,50.0,0.50565505027771,37.377681732177734,8.216373443603516,0.4661625921726227,0.05777460336685181,0.07557281851768494,1.0,70.0,70.0,40.0,1.7172622680664062,33.155860900878906,4.728211879730225,0.45571500062942505,0.005554312374442816,0.005554312840104103,0.9995312690734863,8356.88671875,0.41784433593750003,0.1666637361049652,34.78749465942383,10.747377395629883,0.45224565267562866
36,749,0.005883944686502218,0.007812867872416973,0.9996505975723267,2862.0,2862.0,50.0,0.1760786771774292,34.73237609863281,10.849079132080078,0.45699238777160645,0.001281553995795548,0.0011065567377954721,1.0,2594.0,2594.0,50.0,0.04191763326525688,33.99546432495117,11.5882568359375,0.4430127739906311,0.014511149376630783,0.012132683768868446,1.0,896.0,896.0,50.0,0.45251142978668213,37.16399383544922,8.294950485229492,0.46252909302711487,0.06817552447319031,0.05988849699497223,0.9791667461395264,48.0,48.0,29.0,1.8389910459518433,33.28017044067383,4.671478271484375,0.45821988582611084,0.005693533923476934,0.005693533923476934,0.9996874928474426,8356.806640625,0.41784033203125004,0.17287395894527435,34.76323318481445,10.744767189025879,0.4521106481552124
36,799,0.005618148483335972,0.004517796449363232,0.9993040561676025,2874.0,2874.0,50.0,0.15902982652187347,34.655208587646484,10.976305961608887,0.4557346999645233,0.0011832150630652905,0.0013586640125140548,1.0,2551.0,2551.0,50.0,0.03871408477425575,34.02666091918945,11.673334121704102,0.4431087076663971,0.019186560064554214,0.01886344701051712,0.9978235960006714,919.0,919.0,50.0,0.5607978105545044,37.256202697753906,8.140846252441406,0.46635061502456665,0.1011558249592781,0.050509653985500336,0.9821428060531616,56.0,56.0,33.0,2.314283609390259,33.983802795410156,4.932467460632324,0.4659777879714966,0.0066347066313028336,0.006634705699980259,0.9992187023162842,8356.7255859375,0.417836279296875,0.1876225620508194,34.77228546142578,10.794099807739258,0.4523160457611084
36,849,0.005195030011236668,0.0036904471926391125,0.9996353983879089,2743.0,2743.0,50.0,0.16791798174381256,34.715553283691406,10.829263687133789,0.456617146730423,0.0019250172190368176,0.0008720828918740153,1.0,2677.0,2677.0,50.0,0.06367374956607819,34.0381965637207,11.725149154663086,0.4442589581012726,0.019513195380568504,0.0155246052891016,0.996746301651001,922.0,922.0,50.0,0.5654240846633911,36.87697219848633,8.014150619506836,0.46180039644241333,0.06728273630142212,0.06190809980034828,0.982758641242981,58.0,58.0,33.0,1.8135111331939697,33.749534606933594,4.838480472564697,0.46551796793937683,0.006452624220401049,0.006452625617384911,0.999218761920929,8356.6435546875,0.41783217773437503,0.1964934915304184,34.7348518371582,10.744152069091797,0.4522753357887268
36,899,0.007283100392669439,0.006857969332486391,0.9985894560813904,2836.0,2836.0,50.0,0.20583893358707428,34.64453887939453,10.753915786743164,0.45626965165138245,0.0010729946661740541,0.0013092567678540945,1.0,2637.0,2637.0,50.0,0.035401199012994766,33.998043060302734,11.651782035827637,0.4430767595767975,0.01391776092350483,0.010853664018213749,0.9988479614257812,868.0,868.0,50.0,0.45187464356422424,37.61410140991211,8.441911697387695,0.4680587649345398,0.09320905804634094,0.06322721391916275,0.9491525888442993,59.0,59.0,36.0,2.314474582672119,32.46769332885742,4.813826560974121,0.4622744023799896,0.0064162989147007465,0.0064162989147007465,0.9987499713897705,8356.5634765625,0.41782817382812504,0.188420832157135,34.760841369628906,10.755538940429688,0.4524880349636078
36,949,0.005104899872094393,0.004926704801619053,0.9996404051780701,2780.0,2780.0,50.0,0.16249483823776245,34.70933151245117,10.839177131652832,0.4565523862838745,0.0014731981791555882,0.001660367357544601,1.0,2664.0,2664.0,50.0,0.04923063516616821,33.99745178222656,11.668414115905762,0.44326165318489075,0.023413849994540215,0.023335827514529228,0.9955505728721619,899.0,899.0,50.0,0.6745063662528992,37.0355224609375,8.255843162536621,0.4657595157623291,0.08140681684017181,0.10715575516223907,0.9649122953414917,57.0,57.0,32.0,2.2369542121887207,32.33840560913086,4.501086711883545,0.45609694719314575,0.006844603922218084,0.006844603456556797,0.9989062547683716,8356.482421875,0.41782412109375,0.2057458907365799,34.718650817871094,10.765020370483398,0.45230937004089355
36,999,0.006745479069650173,0.006972326897084713,0.9985588192939758,2775.0,2775.0,50.0,0.21031786501407623,34.59300994873047,10.682243347167969,0.45626652240753174,0.0019245302537456155,0.0017201185692101717,1.0,2692.0,2692.0,50.0,0.0626925677061081,34.04212951660156,11.601365089416504,0.44441351294517517,0.019179489463567734,0.014556333422660828,0.9965947270393372,881.0,881.0,50.0,0.5871592164039612,36.97272491455078,8.038955688476562,0.4646005928516388,0.060850635170936584,0.0824979767203331,0.9807692766189575,52.0,52.0,35.0,1.5607234239578247,33.45365524291992,4.800028324127197,0.4526127576828003,0.006868892349302769,0.006868891417980194,0.9987500905990601,8356.40234375,0.4178201171875,0.21106958389282227,34.679622650146484,10.657190322875977,0.452398419380188
36,1049,0.004727256018668413,0.005148784257471561,0.9996432662010193,2803.0,2803.0,50.0,0.15512129664421082,34.68108367919922,10.867673873901367,0.45596152544021606,0.0022291720379143953,0.0021972793620079756,0.9996227622032166,2652.0,2652.0,50.0,0.06885992735624313,33.98375701904297,11.643972396850586,0.4435963034629822,0.019429989159107208,0.017116891220211983,0.9977553486824036,891.0,891.0,50.0,0.5817360281944275,37.24339294433594,8.2809419631958,0.4664900302886963,0.04229743033647537,0.04737340286374092,1.0,54.0,54.0,31.0,1.2852026224136353,35.19194412231445,5.2136945724487305,0.47035524249076843,0.006056006997823715,0.006056006997823715,0.9993749856948853,8356.322265625,0.41781611328125,0.1883045881986618,34.7531623840332,10.781526565551758,0.45242488384246826
36,1099,0.004718393087387085,0.005829501431435347,0.9996485710144043,2845.0,2845.0,50.0,0.14936701953411102,34.69795608520508,10.890792846679688,0.45620936155319214,0.001152745564468205,0.0008967951871454716,1.0,2598.0,2598.0,50.0,0.03690522164106369,34.0587158203125,11.758247375488281,0.4435855746269226,0.012949332594871521,0.009355735965073109,0.9989084005355835,916.0,916.0,50.0,0.4212373197078705,37.50542068481445,8.341964721679688,0.46624210476875305,0.10052414983510971,0.07976975291967392,0.9512194395065308,41.0,41.0,28.0,2.599773645401001,30.674772262573242,4.379354476928711,0.4482366442680359,0.0050627728924155235,0.005062771961092949,0.99937504529953,8356.240234375,0.41781201171875004,0.15832391381263733,34.814510345458984,10.836410522460938,0.45246976613998413
36,1149,0.003530509304255247,0.002431959379464388,1.0,2775.0,2775.0,50.0,0.12083011120557785,34.84663391113281,10.985701560974121,0.45723259449005127,0.001050439546816051,0.0009874104289337993,1.0,2615.0,2615.0,50.0,0.03466310352087021,34.00867462158203,11.940739631652832,0.44287461042404175,0.020742954686284065,0.016698097810149193,0.9979059100151062,955.0,955.0,50.0,0.660485565662384,36.76802062988281,8.093464851379395,0.46427786350250244,0.04956813156604767,0.069407157599926,1.0,55.0,55.0,33.0,1.531815528869629,34.21485900878906,4.7152419090271,0.46589845418930054,0.00548122264444828,0.005481223575770855,0.9996875524520874,8356.1611328125,0.41780805664062504,0.1782751828432083,34.785526275634766,10.890460968017578,0.45249176025390625
36,1199,0.0045156171545386314,0.0036304297391325235,1.0,2825.0,2825.0,50.0,0.14672426879405975,34.881038665771484,10.912775039672852,0.4582751393318176,0.0022654766216874123,0.0019314299570396543,0.9992403984069824,2633.0,2633.0,50.0,0.05688868463039398,33.99151611328125,11.677654266357422,0.4431062638759613,0.013566325418651104,0.008784995414316654,1.0,890.0,890.0,50.0,0.41832685470581055,37.266517639160156,8.724934577941895,0.4612835943698883,0.060884375125169754,0.030513882637023926,0.9807693362236023,52.0,52.0,35.0,1.5757955312728882,34.203887939453125,5.805393695831299,0.46255555748939514,0.005306505598127842,0.005306505598127842,0.9995312690734863,8356.078125,0.41780390625,0.1591462790966034,34.841312408447266,10.881706237792969,0.4524877071380615
36,1249,0.005541048012673855,0.005973240360617638,0.9996493458747864,2852.0,2852.0,50.0,0.17751829326152802,34.56930160522461,10.807699203491211,0.45545947551727295,0.0018152677221223712,0.0012418730184435844,1.0,2632.0,2632.0,50.0,0.05866042897105217,33.98971939086914,11.683815002441406,0.4434431791305542,0.010495493188500404,0.011425227858126163,1.0,856.0,856.0,50.0,0.3592761754989624,37.8970947265625,8.811717987060547,0.4684165418148041,0.05046376213431358,0.05046698451042175,1.0,60.0,60.0,37.0,1.496390700340271,33.724082946777344,4.479671478271484,0.45810988545417786,0.005092630162835121,0.005092628300189972,0.9998437166213989,8355.998046875,0.41779990234375003,0.16531254351139069,34.76811599731445,10.841714859008789,0.4522756338119507
36,1271,0.00475920969620347,0.004920484032481909,1.0,1246.0,1246.0,22.0,0.16170525550842285,34.613468170166016,10.839003562927246,0.45566046237945557,0.0018741445383056998,0.001254740753211081,1.0,1123.0,1123.0,22.0,0.06083585321903229,34.091007232666016,11.667391777038574,0.4447144567966461,0.012727366760373116,0.011768965050578117,1.0,380.0,380.0,22.0,0.41834452748298645,37.32803726196289,8.314443588256836,0.4642585813999176,0.04844009876251221,0.05150238424539566,1.0,21.0,21.0,16.0,1.6309781074523926,33.70176696777344,4.644906997680664,0.4632062315940857,0.004992231260985136,0.00501381978392601,1.0,8355.962890625,0.41779814453125,0.16715699434280396,34.76713943481445,10.781557083129883,0.45245951414108276
37,49,0.004135631490498781,0.004122957121580839,1.0,2851.0,2851.0,50.0,0.13634370267391205,34.77658462524414,10.773554801940918,0.4569239616394043,0.0012641962384805083,0.0008358025224879384,1.0,2671.0,2671.0,50.0,0.041770488023757935,33.94327163696289,11.51979923248291,0.4426078498363495,0.018702000379562378,0.01640949584543705,0.9963899850845337,831.0,831.0,50.0,0.5296260714530945,37.55206298828125,8.536136627197266,0.4678230583667755,0.09705229103565216,0.11565523594617844,0.9787234663963318,47.0,47.0,31.0,1.9674516916275024,33.55442810058594,4.962912559509277,0.45478570461273193,0.0055109658278524876,0.005510964896529913,0.9993749856948853,8355.8828125,0.41779414062500003,0.1613866239786148,34.780208587646484,10.751808166503906,0.4523487091064453
37,99,0.004399173893034458,0.0037433505058288574,0.9996404051780701,2781.0,2781.0,50.0,0.13850808143615723,34.75320053100586,10.951028823852539,0.4565768241882324,0.001259452779777348,0.0010343390749767423,1.0,2669.0,2669.0,50.0,0.042190808802843094,34.014259338378906,11.749292373657227,0.44325554370880127,0.013124688528478146,0.01273760199546814,0.9988675713539124,883.0,883.0,50.0,0.4227253198623657,37.420860290527344,8.418574333190918,0.4653840661048889,0.08697645366191864,0.07367028295993805,0.9701493978500366,67.0,67.0,39.0,2.2688148021698,32.67876434326172,4.746051788330078,0.4590798616409302,0.005158142652362585,0.005158141255378723,0.9993749856948853,8355.8017578125,0.417790087890625,0.15985551476478577,34.79137420654297,10.869571685791016,0.4522627592086792
37,149,0.00469178194180131,0.005860960576683283,1.0,2826.0,2826.0,50.0,0.15631182491779327,34.70733642578125,11.02392292022705,0.45634958148002625,0.001179222366772592,0.0009099837043322623,1.0,2625.0,2625.0,50.0,0.03832045942544937,33.955318450927734,11.719249725341797,0.44269850850105286,0.015145371668040752,0.017716342583298683,0.9988738894462585,888.0,888.0,50.0,0.505090057849884,37.48876953125,8.476973533630371,0.4680160582065582,0.058455709367990494,0.03635884448885918,0.9836066365242004,61.0,61.0,36.0,1.5249953269958496,34.14246368408203,5.488941192626953,0.46100568771362305,0.005213955882936716,0.005213956814259291,0.9996875524520874,8355.720703125,0.41778603515625,0.16935518383979797,34.7794303894043,10.902971267700195,0.4524136185646057
37,199,0.003139638341963291,0.002671140246093273,1.0,2853.0,2853.0,50.0,0.11013128608465195,34.81840896606445,11.09689998626709,0.45706865191459656,0.0013683116994798183,0.000874351360835135,1.0,2573.0,2573.0,50.0,0.04430091008543968,33.924781799316406,11.794536590576172,0.441943883895874,0.0121232271194458,0.011432819068431854,0.9989259839057922,931.0,931.0,50.0,0.39958760142326355,37.54930114746094,8.293193817138672,0.4665694832801819,0.047857996076345444,0.049593161791563034,1.0,43.0,43.0,27.0,1.5524797439575195,34.021087646484375,5.293885231018066,0.4634159803390503,0.004034792073071003,0.00403479253873229,0.9998437762260437,8355.6416015625,0.417782080078125,0.13546304404735565,34.85104751586914,10.930530548095703,0.4524127244949341
37,249,0.005498987156897783,0.006939463783055544,0.9982287287712097,2823.0,2823.0,50.0,0.1714015007019043,34.749698638916016,11.220232963562012,0.45734554529190063,0.0017205708427354693,0.002663083141669631,1.0,2603.0,2603.0,50.0,0.055539511144161224,33.93659210205078,11.6981201171875,0.44217440485954285,0.013769854791462421,0.007514918688684702,1.0,927.0,927.0,50.0,0.4670852720737457,37.30253601074219,8.523635864257812,0.46468886733055115,0.049349091947078705,0.05388926714658737,1.0,47.0,47.0,27.0,1.4800587892532349,33.9635009765625,4.964418888092041,0.4610397219657898,0.005482242442667484,0.005482242442667484,0.9992187023162842,8355.5595703125,0.41777797851562504,0.1767166554927826,34.782981872558594,10.978072166442871,0.4522659182548523
37,299,0.003982174210250378,0.0024566473439335823,0.9996417760848999,2791.0,2791.0,50.0,0.11914973706007004,34.7919921875,11.122184753417969,0.45615535974502563,0.001054170192219317,0.0008628727518953383,1.0,2644.0,2644.0,50.0,0.03383750095963478,33.94060134887695,11.679566383361816,0.44229769706726074,0.015026097185909748,0.00884895958006382,0.9988863468170166,898.0,898.0,50.0,0.4850494861602783,37.36320114135742,8.207254409790039,0.4667842388153076,0.04078741744160652,0.03271591290831566,1.0,67.0,67.0,36.0,1.1880035400390625,36.14977264404297,5.958747386932373,0.47807449102401733,0.004707448184490204,0.0047074477188289165,0.9996875524520874,8355.4775390625,0.417773876953125,0.1464349925518036,34.81524658203125,10.889396667480469,0.45215123891830444
37,349,0.004105746280401945,0.0030657427851110697,0.9996448755264282,2816.0,2816.0,50.0,0.132814422249794,34.81892776489258,11.151200294494629,0.4571654498577118,0.0012555207358673215,0.0009188556578010321,1.0,2583.0,2583.0,50.0,0.04233795776963234,34.00001525878906,11.862850189208984,0.4427866041660309,0.015124731697142124,0.009342199191451073,1.0,936.0,936.0,50.0,0.48185279965400696,37.01084518432617,8.22149658203125,0.4624108672142029,0.07127773016691208,0.05007510632276535,0.9692308306694031,65.0,65.0,35.0,1.8726849555969238,33.25615692138672,5.053955554962158,0.46093034744262695,0.005249155685305595,0.005249154753983021,0.9995312094688416,8355.3974609375,0.417769873046875,0.16501611471176147,34.793113708496094,10.948022842407227,0.4521676003932953
37,399,0.005575655493885279,0.0033386372961103916,0.9992982745170593,2850.0,2850.0,50.0,0.16728653013706207,34.71718215942383,11.089278221130371,0.45625147223472595,0.0012945989146828651,0.000965809216722846,1.0,2565.0,2565.0,50.0,0.04404880478978157,34.071807861328125,11.806668281555176,0.44406330585479736,0.022647565230727196,0.02159804292023182,0.9967567324638367,925.0,925.0,50.0,0.6661248207092285,36.796871185302734,8.256677627563477,0.4630779027938843,0.08922632038593292,0.06968158483505249,0.9666667580604553,60.0,60.0,33.0,1.996403455734253,32.36980438232422,4.607842445373535,0.4489656388759613,0.007111538201570511,0.0071115377359092236,0.9989062547683716,8355.318359375,0.41776591796875,0.20714086294174194,34.73710250854492,10.906631469726562,0.4522850215435028
37,449,0.004547851160168648,0.003094030311331153,0.9996426105499268,2798.0,2798.0,50.0,0.15143877267837524,34.69723892211914,11.082563400268555,0.4560386836528778,0.001703102607280016,0.001742250518873334,1.0,2648.0,2648.0,50.0,0.056227460503578186,34.01861572265625,11.694170951843262,0.4438636600971222,0.010757766664028168,0.0077986083924770355,0.9988973736763,907.0,907.0,50.0,0.3381020128726959,37.62387466430664,8.601861953735352,0.464318186044693,0.029208406805992126,0.03437768295407295,1.0,47.0,47.0,28.0,0.9031912088394165,34.9895133972168,5.195930480957031,0.4604257047176361,0.004431998357176781,0.004431998822838068,0.9996874332427979,8355.2373046875,0.41776186523437503,0.1440194547176361,34.8333625793457,10.940824508666992,0.4522068500518799
37,499,0.0052454969845712185,0.007131948601454496,0.9996466040611267,2830.0,2830.0,50.0,0.16813747584819794,34.7337760925293,10.967740058898926,0.45695629715919495,0.0012350230244919658,0.001148272305727005,1.0,2611.0,2611.0,50.0,0.04188735410571098,34.000244140625,11.860421180725098,0.4432510435581207,0.016372328624129295,0.00923185981810093,0.9977802634239197,901.0,901.0,50.0,0.5120632648468018,37.22346878051758,8.552532196044922,0.4642404019832611,0.08138351142406464,0.07032003253698349,0.9827587008476257,58.0,58.0,35.0,1.7590668201446533,33.719635009765625,5.188085079193115,0.45499539375305176,0.005865800194442272,0.00586579879745841,0.9993749856948853,8355.1572265625,0.41775786132812504,0.17946746945381165,34.77582931518555,10.939531326293945,0.452372670173645
37,549,0.004320766311138868,0.0047845193184912205,1.0,2863.0,2863.0,50.0,0.14404912292957306,34.727760314941406,11.022024154663086,0.4564201831817627,0.0019150166772305965,0.0019142762757837772,0.9996128082275391,2582.0,2582.0,50.0,0.06091396510601044,33.9976806640625,11.780941009521484,0.4435730278491974,0.014265994541347027,0.010409336537122726,0.9988986253738403,908.0,908.0,50.0,0.4631199836730957,37.221256256103516,8.430584907531738,0.46402648091316223,0.041520509868860245,0.03127346932888031,1.0,47.0,47.0,28.0,1.3014097213745117,35.51424026489258,4.811256408691406,0.47657883167266846,0.005034361034631729,0.0050343615002930164,0.9996874928474426,8355.0771484375,0.41775385742187504,0.1642768383026123,34.79275894165039,10.914928436279297,0.45246434211730957
37,599,0.0036479805130511522,0.0028162095695734024,1.0,2842.0,2842.0,50.0,0.12267522513866425,34.73164367675781,11.00134563446045,0.4564134478569031,0.000996606657281518,0.0008403250831179321,1.0,2595.0,2595.0,50.0,0.032425444573163986,33.99859619140625,11.900402069091797,0.4425739049911499,0.012976909056305885,0.012205889448523521,0.9988877177238464,899.0,899.0,50.0,0.4167783856391907,37.483890533447266,8.37492847442627,0.46624258160591125,0.03808816149830818,0.07442255318164825,0.9843749403953552,64.0,64.0,40.0,1.1212469339370728,35.55146789550781,5.120066165924072,0.4693690836429596,0.00422775698825717,0.004227756056934595,0.9996875524520874,8354.99609375,0.4177498046875,0.13737978041172028,34.829219818115234,10.938142776489258,0.4523122012615204
37,649,0.0035410539712756872,0.003992124926298857,1.0,2752.0,2752.0,50.0,0.11797039955854416,34.811641693115234,11.192185401916504,0.4567958116531372,0.0009268011781387031,0.0007645460427738726,1.0,2648.0,2648.0,50.0,0.03226172924041748,34.155242919921875,11.955020904541016,0.44500529766082764,0.014474895782768726,0.016226481646299362,1.0,954.0,954.0,50.0,0.46997949481010437,36.88413619995117,8.35585880279541,0.4597857594490051,0.059882063418626785,0.06261881440877914,0.97826087474823,46.0,46.0,31.0,1.6457849740982056,34.9892463684082,5.447113037109375,0.47260674834251404,0.004494185093790293,0.004494183696806431,0.9998437762260437,8354.9150390625,0.417745751953125,0.1459609717130661,34.85026550292969,11.043725967407227,0.45247682929039
37,699,0.005732547491788864,0.00471282796934247,0.999276876449585,2766.0,2766.0,50.0,0.18309235572814941,34.66773986816406,10.986905097961426,0.4564794600009918,0.0012935175327584147,0.0014479646924883127,1.0,2693.0,2693.0,50.0,0.04289775341749191,34.068504333496094,11.892329216003418,0.44444072246551514,0.009180855005979538,0.008520069532096386,1.0,889.0,889.0,50.0,0.3056268095970154,37.70830535888672,8.880035400390625,0.4637484848499298,0.050948649644851685,0.03951343521475792,1.0,52.0,52.0,29.0,1.4438716173171997,33.91301727294922,5.365144729614258,0.46049806475639343,0.004711059853434563,0.004711058922111988,0.9996874928474426,8354.8330078125,0.417741650390625,0.151365727186203,34.83181381225586,11.029556274414062,0.45245614647865295
37,749,0.003741493681445718,0.003764625871554017,1.0,2772.0,2772.0,50.0,0.12473466247320175,34.730445861816406,11.058558464050293,0.4563152492046356,0.0015612972201779485,0.0012339894892647862,1.0,2667.0,2667.0,50.0,0.05034921318292618,33.98295593261719,11.832755088806152,0.442963570356369,0.02906006947159767,0.02839607372879982,0.9966740012168884,902.0,902.0,50.0,0.624320387840271,37.112972259521484,8.412911415100098,0.46511465311050415,0.03841753676533699,0.06149866431951523,1.0,59.0,59.0,35.0,1.1757073402404785,35.60541915893555,5.233540058135986,0.47236913442611694,0.006720973644405603,0.006720971316099167,0.9995312690734863,8354.7509765625,0.417737548828125,0.1738358736038208,34.7628059387207,10.954610824584961,0.4521394968032837
37,799,0.005816235207021236,0.005666463635861874,0.9985969662666321,2851.0,2851.0,50.0,0.17025072872638702,34.740928649902344,11.075855255126953,0.45702630281448364,0.001178203383460641,0.0011776996543630958,1.0,2609.0,2609.0,50.0,0.03945639356970787,33.988563537597656,11.825778007507324,0.44314223527908325,0.00995941087603569,0.007536885794252157,1.0,890.0,890.0,50.0,0.34028542041778564,37.65010070800781,8.786978721618652,0.4646509289741516,0.062350012362003326,0.03920063376426697,0.9800000190734863,50.0,50.0,33.0,1.5105056762695312,34.21171951293945,4.607458114624023,0.4602346420288086,0.004943342879414558,0.004943342879414558,0.9992187023162842,8354.671875,0.41773359375,0.15104779601097107,34.83464431762695,11.012735366821289,0.45245176553726196
37,849,0.0051935953088104725,0.004090052098035812,0.9996511936187744,2866.0,2866.0,50.0,0.16801483929157257,34.6363410949707,10.733994483947754,0.4561246931552887,0.0012609282275661826,0.001363951712846756,1.0,2648.0,2648.0,50.0,0.04195612296462059,34.01027297973633,11.746099472045898,0.44330230355262756,0.013387016952037811,0.009931526146829128,1.0,834.0,834.0,50.0,0.442828506231308,37.535240173339844,8.2886381149292,0.4671294093132019,0.0580420047044754,0.03611889109015465,0.9807692766189575,52.0,52.0,33.0,1.1360790729522705,35.212890625,5.371192455291748,0.45889371633529663,0.005063551943749189,0.005063552875071764,0.9996875524520874,8354.5908203125,0.41772954101562504,0.1595352292060852,34.7597541809082,10.790519714355469,0.45227599143981934
37,899,0.004099140875041485,0.0026103537529706955,0.9996379017829895,2762.0,2762.0,50.0,0.11847133189439774,34.83620834350586,11.207099914550781,0.45727765560150146,0.0007583390106447041,0.0006000791327096522,1.0,2663.0,2663.0,50.0,0.02454443834722042,33.88670349121094,11.94908618927002,0.4415503442287445,0.01509831752628088,0.015795331448316574,1.0,919.0,919.0,50.0,0.4987398684024811,37.572959899902344,8.420818328857422,0.4688456058502197,0.07022744417190552,0.09139645844697952,1.0,56.0,56.0,32.0,2.056685447692871,32.06999588012695,4.366335391998291,0.45101699233055115,0.004867091309279203,0.0048670899122953415,0.9998437166213989,8354.509765625,0.41772548828125,0.15095248818397522,34.809898376464844,11.055887222290039,0.45233994722366333
37,949,0.005957352463155985,0.008357931859791279,0.9989382028579712,2825.0,2825.0,50.0,0.18178454041481018,34.687644958496094,11.192366600036621,0.4563441276550293,0.0011993362568318844,0.0016203753184527159,1.0,2589.0,2589.0,50.0,0.03919970616698265,34.07851028442383,12.086682319641113,0.44388020038604736,0.012361233122646809,0.007331382483243942,1.0,940.0,940.0,50.0,0.40826407074928284,37.42255401611328,8.625114440917969,0.4640045166015625,0.06212535500526428,0.04320765659213066,0.97826087474823,46.0,46.0,31.0,1.6664867401123047,33.58186340332031,4.81387996673584,0.46037399768829346,0.0053768642246723175,0.00537686375901103,0.99937504529953,8354.4296875,0.417721484375,0.16803999245166779,34.8349723815918,11.131235122680664,0.45245617628097534
37,999,0.004104707855731249,0.004162777680903673,1.0,2804.0,2804.0,50.0,0.14097756147384644,34.77070617675781,10.889548301696777,0.4570145905017853,0.001283316290937364,0.0014654125552624464,1.0,2692.0,2692.0,50.0,0.04163729026913643,34.018367767333984,11.816643714904785,0.4436674416065216,0.01248195394873619,0.0059449332766234875,0.9988193511962891,847.0,847.0,50.0,0.38846319913864136,37.38851547241211,8.624740600585938,0.463278204202652,0.055428773164749146,0.07023610919713974,0.9824562072753906,57.0,57.0,34.0,1.420389175415039,34.91274642944336,5.3508710861206055,0.46913716197013855,0.004483741708099842,0.004483741242438555,0.9996874928474426,8354.3486328125,0.417717431640625,0.14334049820899963,34.801971435546875,10.93044662475586,0.4523373544216156
37,1049,0.003374531865119934,0.00298710772767663,1.0,2813.0,2813.0,50.0,0.11614322662353516,34.755096435546875,11.176055908203125,0.4563406705856323,0.0013967982959002256,0.0015422136057168245,1.0,2621.0,2621.0,50.0,0.04502629116177559,33.99550247192383,11.90742015838623,0.443192720413208,0.018077867105603218,0.0205110851675272,0.9956331849098206,916.0,916.0,50.0,0.52593994140625,37.2656364440918,8.304959297180176,0.4650224447250366,0.07742318511009216,0.05846215784549713,0.9800000190734863,50.0,50.0,34.0,1.911864995956421,33.29374694824219,4.967337131500244,0.45698848366737366,0.005247506313025951,0.005247508175671101,0.9992187023162842,8354.267578125,0.41771337890625004,0.15969985723495483,34.79192352294922,11.016140937805176,0.45220381021499634
37,1099,0.005098424851894379,0.0043099201284348965,0.9989288449287415,2801.0,2801.0,50.0,0.14306505024433136,34.77509689331055,11.108391761779785,0.45638757944107056,0.0014215805567800999,0.0012970753014087677,1.0,2654.0,2654.0,50.0,0.04702506214380264,33.99922561645508,11.912070274353027,0.4434514343738556,0.013250308111310005,0.007750542368739843,0.9988661408424377,882.0,882.0,50.0,0.4350402057170868,37.44886779785156,8.684589385986328,0.46503135561943054,0.07901190221309662,0.07132760435342789,0.9682539701461792,63.0,63.0,38.0,1.884113073348999,34.31277084350586,5.121300220489502,0.46528902649879456,0.005424699746072292,0.005424700677394867,0.9990624785423279,8354.1865234375,0.417709326171875,0.1606147438287735,34.817283630371094,11.048702239990234,0.4523019790649414
37,1149,0.004524304997175932,0.004216487519443035,0.9993038177490234,2873.0,2873.0,50.0,0.13451801240444183,34.65663146972656,11.032326698303223,0.45527884364128113,0.000958204036578536,0.0010735699906945229,1.0,2592.0,2592.0,50.0,0.03226400166749954,34.04254150390625,11.913135528564453,0.4435250461101532,0.012295469641685486,0.009836397133767605,0.9977349042892456,883.0,883.0,50.0,0.39409178495407104,37.641719818115234,8.543911933898926,0.4667549133300781,0.10021977871656418,0.0372791588306427,0.9807692766189575,52.0,52.0,31.0,1.9313592910766602,35.4556884765625,5.010436058044434,0.4748327136039734,0.00492973905056715,0.004929737653583288,0.9992187023162842,8354.107421875,0.41770537109375,0.14351753890514374,34.82626724243164,10.996803283691406,0.4522607624530792
37,1199,0.0034614182077348232,0.0027975640259683132,0.999640166759491,2779.0,2779.0,50.0,0.1121027022600174,34.637237548828125,11.06480598449707,0.45436960458755493,0.0011618530843406916,0.0010622768895700574,1.0,2653.0,2653.0,50.0,0.03849004954099655,34.157169342041016,12.129968643188477,0.44538602232933044,0.01682550646364689,0.01982880011200905,0.9966740608215332,902.0,902.0,50.0,0.49285879731178284,37.41376876831055,8.558244705200195,0.4658947288990021,0.030760962516069412,0.036874547600746155,1.0,66.0,66.0,38.0,0.936689019203186,35.84788513183594,5.301498889923096,0.4698435962200165,0.00467320391908288,0.004673204384744167,0.9993749856948853,8354.0263671875,0.417701318359375,0.14375431835651398,34.842037200927734,11.093647003173828,0.45242956280708313
37,1249,0.0056287385523319244,0.00424577621743083,0.998948872089386,2854.0,2854.0,50.0,0.17827969789505005,34.631378173828125,11.079835891723633,0.45586323738098145,0.0012043563183397055,0.0010280872229486704,1.0,2608.0,2608.0,50.0,0.04036688432097435,33.98183822631836,11.982949256896973,0.44318029284477234,0.013840645551681519,0.010227023623883724,1.0,892.0,892.0,50.0,0.43376216292381287,37.617191314697266,8.754857063293457,0.46726927161216736,0.10252155363559723,0.09880878031253815,0.95652174949646,46.0,46.0,33.0,2.4090936183929443,31.654376983642578,5.103336334228516,0.4482768774032593,0.005666754208505154,0.005666754674166441,0.999218761920929,8353.9462890625,0.417697314453125,0.1737220734357834,34.761444091796875,11.080854415893555,0.4522301256656647
37,1271,0.005833376664668322,0.0037643788382411003,0.9991574883460999,1187.0,1187.0,22.0,0.17351385951042175,34.83382797241211,11.166070938110352,0.4579108953475952,0.0018533433321863413,0.0012356915976852179,1.0,1168.0,1168.0,22.0,0.06187829375267029,33.9413948059082,11.942920684814453,0.442841112613678,0.015572113916277885,0.01623481884598732,0.994949460029602,396.0,396.0,22.0,0.49132704734802246,37.167869567871094,8.431920051574707,0.4628978371620178,0.06525260210037231,0.08195504546165466,1.0,19.0,19.0,14.0,2.0757672786712646,33.53156280517578,5.322422504425049,0.47293683886528015,0.0059555345214903355,0.0059549747966229916,0.9989169836044312,8353.908203125,0.41769541015625,0.1849241554737091,34.78226852416992,11.0626802444458,0.45237255096435547
38,49,0.0028491104021668434,0.003525859210640192,0.9996439218521118,2808.0,2808.0,50.0,0.09288040548563004,34.815086364746094,11.230087280273438,0.4564976990222931,0.0010306411422789097,0.0014403107343241572,1.0,2613.0,2613.0,50.0,0.03372098505496979,34.02798843383789,12.154078483581543,0.44333505630493164,0.010684255510568619,0.009392769075930119,1.0,933.0,933.0,50.0,0.36524495482444763,37.489776611328125,8.73667049407959,0.4634541869163513,0.03183666244149208,0.03249982371926308,1.0,46.0,46.0,29.0,1.068901538848877,36.21165084838867,5.419811248779297,0.47649842500686646,0.003457229118794203,0.003457228885963559,0.9998437166213989,8353.828125,0.41769140625,0.1154475212097168,34.89368438720703,11.202080726623535,0.45228153467178345
38,99,0.0033574183471500874,0.004029614385217428,0.999638557434082,2766.0,2766.0,50.0,0.1117173582315445,34.67856979370117,11.115550994873047,0.4551844894886017,0.001165659399703145,0.0009615713497623801,1.0,2672.0,2672.0,50.0,0.03912739083170891,34.18473815917969,12.102657318115234,0.4457443952560425,0.008838696405291557,0.00701755890622735,0.9988763332366943,890.0,890.0,50.0,0.29103586077690125,37.555667877197266,8.773419380187988,0.46209225058555603,0.045953959226608276,0.07333618402481079,0.986111044883728,72.0,72.0,39.0,1.245631217956543,35.416603088378906,5.161619663238525,0.4687288701534271,0.003683810355141759,0.0036838101223111153,0.9995312690734863,8353.748046875,0.41768740234375,0.1191040575504303,34.88079071044922,11.13498306274414,0.452356219291687
38,149,0.004189350642263889,0.005834976676851511,1.0,2880.0,2880.0,50.0,0.13819430768489838,34.745235443115234,11.09280014038086,0.45667940378189087,0.0015168142272159457,0.0014354790328070521,0.9996113181114197,2573.0,2573.0,50.0,0.048069074749946594,34.00027084350586,12.07325553894043,0.4431544542312622,0.014158027246594429,0.008927740156650543,0.9988888502120972,900.0,900.0,50.0,0.4510186016559601,37.338890075683594,8.670866966247559,0.46392539143562317,0.06500089168548584,0.08339539915323257,0.978723406791687,47.0,47.0,29.0,1.5710660219192505,33.97000503540039,5.181116580963135,0.4567321836948395,0.004963336978107691,0.004963337443768978,0.9995312690734863,8353.6669921875,0.41768334960937503,0.15647470951080322,34.80477523803711,11.102975845336914,0.4522613286972046
38,199,0.0038332578260451555,0.004091158509254456,1.0,2863.0,2863.0,50.0,0.12900878489017487,34.76137924194336,10.996249198913574,0.45670977234840393,0.0008860829984769225,0.0008595007238909602,1.0,2613.0,2613.0,50.0,0.029405618086457253,34.02862548828125,11.975157737731934,0.4435979127883911,0.01077624224126339,0.009887158870697021,1.0,879.0,879.0,50.0,0.3570905923843384,37.41453170776367,8.55862808227539,0.46262019872665405,0.026527557522058487,0.053569868206977844,1.0,45.0,45.0,29.0,0.8478289246559143,35.4931526184082,5.128604888916016,0.46260979771614075,0.0037431269884109497,0.0037431262899190187,1.0,8353.5849609375,0.417679248046875,0.12472249567508698,34.831748962402344,11.019869804382324,0.4522097110748291
38,249,0.0034912514965981245,0.002771062543615699,1.0,2831.0,2831.0,50.0,0.11597418040037155,34.77015686035156,11.133757591247559,0.45623886585235596,0.0014647581847384572,0.0011625363258644938,0.9996216893196106,2643.0,2643.0,50.0,0.044523101300001144,33.983802795410156,12.006752014160156,0.4433092474937439,0.011182215064764023,0.008519279770553112,0.9988637566566467,880.0,880.0,50.0,0.3387545347213745,37.82884979248047,8.867879867553711,0.466021329164505,0.061344876885414124,0.11380132287740707,0.95652174949646,46.0,46.0,32.0,1.3681882619857788,34.3616943359375,5.158257961273193,0.46013063192367554,0.004127703607082367,0.004127703607082367,0.9993749856948853,8353.5029296875,0.41767514648437504,0.12609970569610596,34.86305236816406,11.1397705078125,0.4522724151611328
38,299,0.003413217607885599,0.0029032898601144552,0.999272346496582,2748.0,2748.0,50.0,0.11108193546533585,34.79641342163086,11.307110786437988,0.45659276843070984,0.0011006011627614498,0.0009457665728405118,1.0,2668.0,2668.0,50.0,0.03665187582373619,34.007328033447266,12.02790641784668,0.4430813789367676,0.013133041560649872,0.011096651665866375,1.0,922.0,922.0,50.0,0.4416729211807251,37.38444900512695,8.386164665222168,0.4655700922012329,0.09016323834657669,0.09884075075387955,0.9677419662475586,62.0,62.0,35.0,2.1462013721466064,32.9031982421875,4.568066596984863,0.45843827724456787,0.004689798690378666,0.004689798690378666,0.9993751049041748,8353.42578125,0.4176712890625,0.14739489555358887,34.821964263916016,11.121509552001953,0.45227140188217163
38,349,0.003555642208084464,0.005178522784262896,1.0,2810.0,2810.0,50.0,0.12005539983510971,34.707000732421875,11.242521286010742,0.45540833473205566,0.001693930709734559,0.0018964784685522318,1.0,2662.0,2662.0,50.0,0.05527041479945183,33.99541473388672,11.8681001663208,0.44373729825019836,0.012230578809976578,0.0152928177267313,0.998867392539978,883.0,883.0,50.0,0.4004479646682739,37.615230560302734,8.75263786315918,0.4658469259738922,0.025579223409295082,0.024345628917217255,1.0,45.0,45.0,26.0,0.7252970337867737,37.285118103027344,6.281527042388916,0.4798455834388733,0.004133009817451239,0.004133010283112526,0.9998437166213989,8353.341796875,0.41766708984375,0.13604991137981415,34.83039855957031,11.12431526184082,0.45216596126556396
38,399,0.0038787887897342443,0.0033287990372627974,1.0,2793.0,2793.0,50.0,0.12872305512428284,34.721553802490234,11.26014232635498,0.4561849534511566,0.0013246678281575441,0.0009306729771196842,1.0,2657.0,2657.0,50.0,0.04286493733525276,34.030147552490234,12.055193901062012,0.4436824321746826,0.01378011703491211,0.01642194390296936,0.9988802671432495,893.0,893.0,50.0,0.4481990337371826,37.48198318481445,8.835763931274414,0.4642014801502228,0.07135791331529617,0.07300573587417603,0.9824561476707458,57.0,57.0,31.0,1.769801378250122,34.58543014526367,4.72832727432251,0.47417354583740234,0.00480095949023962,0.0048009599559009075,0.9996875524520874,8353.26171875,0.4176630859375,0.15227125585079193,34.81846618652344,11.19376277923584,0.45227324962615967
38,449,0.003781898645684123,0.004513092804700136,1.0,2876.0,2876.0,50.0,0.12786543369293213,34.80893325805664,11.173644065856934,0.45735007524490356,0.0014141302090138197,0.0010851382976397872,1.0,2621.0,2621.0,50.0,0.046827055513858795,33.85736846923828,11.908163070678711,0.4415731430053711,0.007578037213534117,0.005571042653173208,1.0,849.0,849.0,50.0,0.25220778584480286,38.103519439697266,9.097000122070312,0.46724995970726013,0.035143230110406876,0.023738766089081764,1.0,54.0,54.0,31.0,1.0559765100479126,35.52230453491211,4.982066631317139,0.47017529606819153,0.0035804160870611668,0.0035804160870611668,1.0,8353.181640625,0.41765908203125,0.11900341510772705,34.8623046875,11.146730422973633,0.4523104131221771
38,499,0.002566099399700761,0.0033507535699754953,1.0,2840.0,2840.0,50.0,0.08805561065673828,34.847198486328125,11.400419235229492,0.4563833177089691,0.0015352824702858925,0.002087058499455452,0.9996099472045898,2564.0,2564.0,50.0,0.04491836577653885,33.97648239135742,12.151111602783203,0.4431660771369934,0.01714169606566429,0.0126762380823493,0.9978745579719543,941.0,941.0,50.0,0.5310876369476318,37.058380126953125,8.39039134979248,0.4634638726711273,0.03983413055539131,0.043454475700855255,1.0,55.0,55.0,36.0,1.1205487251281738,34.74728012084961,5.162588119506836,0.46096867322921753,0.004616468213498592,0.00461646867915988,0.9995312690734863,8353.099609375,0.41765498046875,0.1447862982749939,34.8226203918457,11.20499038696289,0.45216861367225647
38,549,0.0052254158072173595,0.0039222571067512035,0.9992927312850952,2828.0,2828.0,50.0,0.1661282628774643,34.62324905395508,11.114011764526367,0.4560067653656006,0.0010595524217933416,0.0011540766572579741,1.0,2676.0,2676.0,50.0,0.03515025973320007,34.05918502807617,11.887532234191895,0.44410240650177,0.007185450289398432,0.00620715506374836,1.0,845.0,845.0,50.0,0.2350110411643982,37.88800811767578,8.934256553649902,0.46424049139022827,0.06150432676076889,0.054311566054821014,0.9803921580314636,51.0,51.0,34.0,1.6802898645401,34.04749298095703,5.321219444274902,0.4557309150695801,0.004190822597593069,0.004190822131931782,0.9995312690734863,8353.017578125,0.41765087890625,0.13252374529838562,34.81386184692383,11.103483200073242,0.45211416482925415
38,599,0.0031724516302347183,0.002150819404050708,1.0,2845.0,2845.0,50.0,0.10598905384540558,34.70490264892578,11.226261138916016,0.4556433856487274,0.0009337094379588962,0.0006757574738003314,1.0,2610.0,2610.0,50.0,0.03135615959763527,33.99636459350586,12.073882102966309,0.44302716851234436,0.018499573692679405,0.009304827079176903,0.9965910315513611,880.0,880.0,50.0,0.536232590675354,37.47911071777344,8.547307014465332,0.46732833981513977,0.06346888095140457,0.06968650221824646,1.0,65.0,65.0,40.0,1.8469080924987793,33.5100212097168,5.193473815917969,0.46329066157341003,0.004979330580681562,0.004979329649358988,0.9995312690734863,8352.9375,0.41764687500000003,0.15239253640174866,34.78527069091797,11.142305374145508,0.45218271017074585
38,649,0.0032029140274971724,0.0039057107642292976,1.0,2777.0,2777.0,50.0,0.1065772995352745,34.82763671875,11.564943313598633,0.45649778842926025,0.0010724652092903852,0.0021574946586042643,1.0,2606.0,2606.0,50.0,0.035730134695768356,33.9968147277832,12.118217468261719,0.44312652945518494,0.018824569880962372,0.005715587176382542,0.9968388080596924,949.0,949.0,50.0,0.4903511703014374,37.31867599487305,8.620871543884277,0.46341100335121155,0.0406690314412117,0.02471286803483963,1.0,68.0,68.0,40.0,1.2222522497177124,34.64994812011719,5.335075855255127,0.4629138112068176,0.005049898289144039,0.005049898289144039,0.9995312690734863,8352.8564453125,0.41764282226562505,0.1464897245168686,34.8568229675293,11.287487030029297,0.4521464705467224
38,699,0.004484798293560743,0.003902943804860115,0.9996451139450073,2818.0,2818.0,50.0,0.1456199735403061,34.76005554199219,11.377257347106934,0.4567790627479553,0.0015829585026949644,0.0011755182640627027,1.0,2607.0,2607.0,50.0,0.05171654373407364,33.942771911621094,12.034782409667969,0.44306740164756775,0.015438971109688282,0.015082107856869698,0.996735692024231,919.0,919.0,50.0,0.4772408902645111,37.14021301269531,8.522968292236328,0.46274930238723755,0.038112543523311615,0.037778742611408234,0.9821428060531616,56.0,56.0,36.0,1.0657017230987549,35.3934211730957,5.727042198181152,0.46546682715415955,0.0051699448376894,0.005169945303350687,0.999218761920929,8352.77734375,0.41763886718750004,0.16303840279579163,34.77445983886719,11.185798645019531,0.45212700963020325
38,749,0.004211782943457365,0.0021351901814341545,0.9996491074562073,2849.0,2849.0,50.0,0.1308959424495697,34.67271041870117,11.306787490844727,0.4551900327205658,0.0019408476073294878,0.0008833809988573194,0.9996072053909302,2546.0,2546.0,50.0,0.05314664542675018,34.10580825805664,12.327173233032227,0.44475606083869934,0.01881740801036358,0.010213679634034634,0.9936642050743103,947.0,947.0,50.0,0.527561604976654,37.1356201171875,8.634778022766113,0.46237120032310486,0.1000145897269249,0.06081249564886093,0.9655171632766724,58.0,58.0,38.0,1.98984956741333,34.31068801879883,5.444209098815918,0.4637223780155182,0.006337764672935009,0.006337765604257584,0.9984375238418579,8352.6953125,0.417634765625,0.17550718784332275,34.80834197998047,11.264205932617188,0.4521791934967041
38,799,0.004901858512312174,0.004938912577927113,0.9996479749679565,2841.0,2841.0,50.0,0.1613752245903015,34.651824951171875,11.169836044311523,0.45622214674949646,0.0015803284477442503,0.0013426241930574179,1.0,2629.0,2629.0,50.0,0.05327694118022919,34.03205871582031,12.045860290527344,0.4439014792442322,0.011729372665286064,0.00935241300612688,0.9977194666862488,877.0,877.0,50.0,0.32954052090644836,37.61678695678711,8.887975692749023,0.46261370182037354,0.025025097653269768,0.015923824161291122,1.0,53.0,53.0,33.0,0.7454061508178711,37.31194305419922,5.909884929656982,0.4836762249469757,0.004639664199203253,0.00463966466486454,0.9995312690734863,8352.61328125,0.41763066406250005,0.14485087990760803,34.825557708740234,11.173444747924805,0.4522642493247986
38,849,0.003010854823514819,0.00372639624401927,1.0,2764.0,2764.0,50.0,0.1030438244342804,34.844696044921875,11.333233833312988,0.4572252631187439,0.0007821525214239955,0.0010585563722997904,1.0,2638.0,2638.0,50.0,0.026522405445575714,34.02594757080078,12.14151382446289,0.4432713985443115,0.014172402210533619,0.007642082404345274,0.99786776304245,938.0,938.0,50.0,0.4275456368923187,37.169837951660156,8.339829444885254,0.4625970423221588,0.05936533585190773,0.04257482662796974,1.0,60.0,60.0,38.0,1.534299373626709,32.68019104003906,4.957093238830566,0.4460843503475189,0.0042563993483781815,0.0042563993483781815,0.9996874928474426,8352.533203125,0.41762666015625,0.1324804723262787,34.82770538330078,11.167899131774902,0.4521564841270447
38,899,0.005874083377420902,0.007749392185360193,0.9982835054397583,2913.0,2913.0,50.0,0.17408396303653717,34.563228607177734,11.017769813537598,0.4553852081298828,0.0014033588813617826,0.0023715265560895205,1.0,2586.0,2586.0,50.0,0.0463889017701149,34.00416564941406,11.934571266174316,0.44384390115737915,0.01229959074407816,0.010547968558967113,0.9988290667533875,854.0,854.0,50.0,0.36489298939704895,37.60467529296875,8.605971336364746,0.4649091362953186,0.04557562246918678,0.02458869107067585,0.9787235260009766,47.0,47.0,33.0,1.1480792760849,35.31949996948242,5.58108377456665,0.46914321184158325,0.005216593388468027,0.00521659292280674,0.9989062547683716,8352.4521484375,0.417622607421875,0.15510103106498718,34.74872589111328,11.026464462280273,0.4520936608314514
38,949,0.0037707986775785685,0.007081014569848776,1.0,2780.0,2780.0,50.0,0.1275535523891449,34.78995895385742,11.152737617492676,0.4569973051548004,0.0013449785765260458,0.0013531091390177608,0.9996280670166016,2689.0,2689.0,50.0,0.04236218333244324,33.87992858886719,11.955409049987793,0.44213300943374634,0.0194927379488945,0.012451781891286373,0.9954749941825867,884.0,884.0,50.0,0.5767775177955627,37.29787826538086,8.538252830505371,0.46529680490493774,0.09782525151968002,0.08004560321569443,0.9787233471870422,47.0,47.0,29.0,2.1350274085998535,33.05391311645508,4.5919904708862305,0.4570392966270447,0.005613882094621658,0.005613880697637796,0.9990624189376831,8352.37109375,0.41761855468750003,0.16855131089687347,34.74126052856445,11.080678939819336,0.45189863443374634
38,999,0.00278442888520658,0.002296565566211939,1.0,2740.0,2740.0,50.0,0.09596003592014313,34.61765670776367,11.234635353088379,0.45412227511405945,0.001123586785979569,0.0007006860105320811,1.0,2672.0,2672.0,50.0,0.03708915412425995,34.2043342590332,12.329327583312988,0.4458514451980591,0.013746093027293682,0.011701270006597042,0.9957127571105957,933.0,933.0,50.0,0.42833274602890015,37.437171936035156,8.630268096923828,0.4647744297981262,0.05751350522041321,0.06729351729154587,1.0,55.0,55.0,34.0,1.6565992832183838,33.255619049072266,4.838792324066162,0.4563368856906891,0.004159360192716122,0.004159360192716122,0.9993749856948853,8352.2890625,0.417614453125,0.13324689865112305,34.84442138671875,11.257038116455078,0.45224109292030334
38,1049,0.003706686431542039,0.002879813779145479,1.0,2776.0,2776.0,50.0,0.1253819316625595,34.705047607421875,11.182015419006348,0.45611250400543213,0.0010179593227803707,0.0005788205889984965,1.0,2676.0,2676.0,50.0,0.03479025885462761,34.10081100463867,12.177779197692871,0.4445648193359375,0.013299908488988876,0.010826878249645233,0.9977578520774841,892.0,892.0,50.0,0.4038046896457672,37.384857177734375,9.002179145812988,0.4622524380683899,0.06189437210559845,0.056178051978349686,0.9821429252624512,56.0,56.0,37.0,1.6146578788757324,33.7390022277832,5.073885917663574,0.4571859836578369,0.004428659100085497,0.0044286600314080715,0.9995312690734863,8352.2099609375,0.417610498046875,0.1393396258354187,34.817447662353516,11.241107940673828,0.45214927196502686
38,1099,0.005434759426862001,0.004574229940772057,0.9992846250534058,2796.0,2796.0,50.0,0.1684606522321701,34.58464050292969,11.147788047790527,0.4553774297237396,0.0016035697190091014,0.001563935074955225,1.0,2675.0,2675.0,50.0,0.05349896848201752,34.0102653503418,12.08434772491455,0.44417035579681396,0.01462110597640276,0.01752038300037384,0.99657142162323,875.0,875.0,50.0,0.43000712990760803,37.58843231201172,8.843987464904785,0.4647989571094513,0.05701438710093498,0.05607697740197182,0.9814815521240234,54.0,54.0,29.0,1.5482088327407837,34.3905029296875,5.598560810089111,0.46609732508659363,0.00552458968013525,0.005524590611457825,0.9990624189376831,8352.1279296875,0.41760639648437503,0.16781018674373627,34.753604888916016,11.177446365356445,0.45207178592681885
38,1149,0.003868966829031706,0.007189649157226086,0.9996378421783447,2761.0,2761.0,50.0,0.1251319944858551,34.672080993652344,11.257720947265625,0.4555155634880066,0.001054497784934938,0.000899242761079222,1.0,2658.0,2658.0,50.0,0.035000815987586975,34.095333099365234,12.268391609191895,0.44418907165527344,0.013396097347140312,0.007386264856904745,0.998913049697876,920.0,920.0,50.0,0.4273587763309479,37.37261962890625,8.712498664855957,0.4640619158744812,0.0803786888718605,0.04768950864672661,0.9836065173149109,61.0,61.0,35.0,2.161989212036133,32.7545166015625,4.83173131942749,0.4607276916503906,0.00479884073138237,0.00479884073138237,0.9995312690734863,8352.0478515625,0.41760239257812504,0.15055829286575317,34.80247497558594,11.250341415405273,0.45208975672721863
38,1199,0.0030020105186849833,0.002140416530892253,1.0,2839.0,2839.0,50.0,0.10037103295326233,34.76947021484375,11.387886047363281,0.4560452401638031,0.0010120911756530404,0.0008429624140262604,1.0,2594.0,2594.0,50.0,0.034057535231113434,34.00852584838867,12.201738357543945,0.4429989755153656,0.010655433870851994,0.010963277891278267,0.9989022612571716,911.0,911.0,50.0,0.34139204025268555,37.68748474121094,8.985556602478027,0.46480295062065125,0.026005689054727554,0.020938759669661522,1.0,56.0,56.0,34.0,0.8891298770904541,36.73516082763672,6.106019496917725,0.47540050745010376,0.0034861713647842407,0.003486170433461666,0.9998437166213989,8351.966796875,0.41759833984375,0.11470281332731247,34.893611907958984,11.329577445983887,0.4521733820438385
38,1249,0.00344466301612556,0.003458594437688589,0.9996516704559326,2871.0,2871.0,50.0,0.11224165558815002,34.78871536254883,11.34560489654541,0.45659539103507996,0.0012060650624334812,0.0018406105227768421,1.0,2575.0,2575.0,50.0,0.03997371718287468,33.96006774902344,12.111042976379395,0.4427390694618225,0.00975592527538538,0.00406600022688508,0.9988914132118225,902.0,902.0,50.0,0.31657737493515015,37.71297836303711,8.913392066955566,0.4651431143283844,0.03757260739803314,0.02320287749171257,1.0,52.0,52.0,32.0,1.0699946880340576,33.9376106262207,5.407447338104248,0.44787219166755676,0.003710760036483407,0.003710760036483407,0.9996874928474426,8351.8876953125,0.417594384765625,0.1197454109787941,34.860538482666016,11.26253604888916,0.4521541893482208
38,1271,0.0040782662108540535,0.003972278907895088,0.9991776347160339,1216.0,1216.0,22.0,0.13399864733219147,34.83211898803711,11.249544143676758,0.4576590359210968,0.001008392428047955,0.000993281602859497,1.0,1151.0,1151.0,22.0,0.03424491360783577,33.95741653442383,11.998504638671875,0.44301265478134155,0.008521925657987595,0.010235702618956566,1.0,384.0,384.0,22.0,0.2615697681903839,37.62716293334961,8.843400955200195,0.46280157566070557,0.0623554103076458,0.05670150741934776,1.0,19.0,19.0,12.0,1.807823896408081,31.610980987548828,4.675205707550049,0.4406450688838959,0.0037808504421263933,0.0038184127770364285,0.9996390342712402,8351.849609375,0.41759248046875,0.12171469628810883,34.83403778076172,11.182100296020508,0.4521692991256714
39,49,0.003176625818014145,0.002949552610516548,1.0,2805.0,2805.0,50.0,0.10619702935218811,34.70656967163086,11.364975929260254,0.4555525779724121,0.0010645361617207527,0.0009033474489115179,1.0,2630.0,2630.0,50.0,0.03524963557720184,34.04560470581055,12.16396713256836,0.4441473186016083,0.01206223201006651,0.010038787499070168,1.0,916.0,916.0,50.0,0.37594565749168396,37.537925720214844,8.764573097229004,0.4646848738193512,0.09467344731092453,0.07940229028463364,0.9591836333274841,49.0,49.0,32.0,2.163233995437622,32.45026779174805,5.120361804962158,0.4530123174190521,0.004280964843928814,0.004280963912606239,0.9996874332427979,8351.7685546875,0.41758842773437505,0.1313990354537964,34.822914123535156,11.273317337036133,0.4521533250808716
39,99,0.0034514323342591524,0.002823731629177928,0.9996450543403625,2817.0,2817.0,50.0,0.11043456196784973,34.83602523803711,11.44477367401123,0.45755136013031006,0.0013418585294857621,0.0015207772376015782,1.0,2628.0,2628.0,50.0,0.045481059700250626,33.93014144897461,12.079936981201172,0.44242820143699646,0.011748382821679115,0.01341315172612667,0.9988851547241211,897.0,897.0,50.0,0.36934447288513184,37.57740020751953,9.004633903503418,0.4640237092971802,0.04860861971974373,0.036396823823451996,1.0,58.0,58.0,35.0,1.466072916984558,34.02109146118164,5.084388732910156,0.4618132710456848,0.0041572959162294865,0.004157294984906912,0.9996875524520874,8351.6875,0.417584375,0.1323363482952118,34.84088134765625,11.305946350097656,0.4522871971130371
39,149,0.003949020057916641,0.0041204532608389854,0.9996441006660461,2810.0,2810.0,50.0,0.12873849272727966,34.81439208984375,11.37898063659668,0.4568016827106476,0.0009172369609586895,0.0006494183326140046,1.0,2625.0,2625.0,50.0,0.03015248104929924,34.0478401184082,12.132331848144531,0.44394204020500183,0.012084800750017166,0.010461624711751938,0.998910665512085,918.0,918.0,50.0,0.3791344165802002,37.29770278930664,8.765519142150879,0.46104079484939575,0.03406062722206116,0.027830304577946663,1.0,47.0,47.0,28.0,1.0766611099243164,35.35985565185547,5.426788330078125,0.4667111039161682,0.004093622788786888,0.004093623720109463,0.9996875524520874,8351.6064453125,0.417580322265625,0.1311803013086319,34.860191345214844,11.269392967224121,0.4522080421447754
39,199,0.004047176335006952,0.002728456864133477,0.9992990493774414,2853.0,2853.0,50.0,0.12533561885356903,34.74433898925781,11.34510326385498,0.45632627606391907,0.0011650911765173078,0.0012149622198194265,1.0,2619.0,2619.0,50.0,0.037448227405548096,33.94157028198242,11.93730640411377,0.44278648495674133,0.012633581645786762,0.006283445283770561,0.9988558292388916,874.0,874.0,50.0,0.40259742736816406,37.537410736083984,8.777674674987793,0.46512287855148315,0.027991820126771927,0.020650047808885574,1.0,54.0,54.0,31.0,0.8964294791221619,35.16889572143555,5.516672134399414,0.45913442969322205,0.004242388065904379,0.004242387134581804,0.9995312690734863,8351.5263671875,0.41757631835937503,0.1337401121854782,34.80084228515625,11.187652587890625,0.45201051235198975
39,249,0.003530630376189947,0.0040847016498446465,1.0,2847.0,2847.0,50.0,0.12027466297149658,34.76887893676758,11.317916870117188,0.4567359685897827,0.0016871129628270864,0.0011429827427491546,0.999617338180542,2613.0,2613.0,50.0,0.04941577464342117,33.890899658203125,12.058157920837402,0.44248148798942566,0.012796739116311073,0.010670503601431847,1.0,889.0,889.0,50.0,0.40978631377220154,37.4346923828125,8.718056678771973,0.4643683433532715,0.07222485542297363,0.10718034207820892,0.9803921580314636,51.0,51.0,33.0,1.8447344303131104,33.295936584472656,5.136861801147461,0.4594772160053253,0.004612482152879238,0.004612484015524387,0.9996875524520874,8351.4462890625,0.41757231445312504,0.14530107378959656,34.76897430419922,11.20975112915039,0.45199817419052124
39,299,0.002812368096783757,0.002222520299255848,1.0,2849.0,2849.0,50.0,0.09575692564249039,34.75572967529297,11.43129825592041,0.4560222923755646,0.0013861119514331222,0.0009231191361322999,1.0,2601.0,2601.0,50.0,0.04578423500061035,33.918670654296875,12.067668914794922,0.44238561391830444,0.012502698227763176,0.017841322347521782,0.9988974928855896,907.0,907.0,50.0,0.4094807207584381,37.598304748535156,8.697453498840332,0.46691033244132996,0.028909604996442795,0.04219193756580353,1.0,43.0,43.0,30.0,0.975386381149292,35.7637939453125,5.5023369789123535,0.4696873128414154,0.0037813715171068907,0.0037813708186149597,0.9998437166213989,8351.365234375,0.41756826171875,0.12581826746463776,34.82516098022461,11.262650489807129,0.45211511850357056
39,349,0.0037704582791775465,0.003176575992256403,0.9996421933174133,2795.0,2795.0,50.0,0.12118715047836304,34.69670486450195,11.44233512878418,0.4562358558177948,0.0012935684062540531,0.0016716220416128635,1.0,2645.0,2645.0,50.0,0.039258409291505814,34.0242919921875,12.159972190856934,0.44341015815734863,0.010343650355935097,0.008433697745203972,0.998875081539154,889.0,889.0,50.0,0.30637413263320923,37.81003189086914,9.025732040405273,0.46475955843925476,0.06800863146781921,0.038600657135248184,0.9859155416488647,71.0,71.0,39.0,1.676904320716858,33.840850830078125,4.943211555480957,0.4602968394756317,0.0043725064024329185,0.004372505936771631,0.9995312690734863,8351.283203125,0.41756416015625003,0.13030990958213806,34.84177780151367,11.331140518188477,0.45216429233551025
39,399,0.002493869047611952,0.0034529315307736397,1.0,2824.0,2824.0,50.0,0.08385521173477173,34.67762756347656,11.605147361755371,0.4548867642879486,0.0009602947975508869,0.0013913583243265748,1.0,2566.0,2566.0,50.0,0.0315057672560215,34.0297737121582,12.353477478027344,0.44365987181663513,0.014580920338630676,0.014323757961392403,0.9989596009254456,961.0,961.0,50.0,0.4681551456451416,37.4616813659668,8.829305648803711,0.4659276008605957,0.03979868069291115,0.0579824261367321,1.0,49.0,49.0,35.0,1.2113043069839478,34.6663703918457,5.151851177215576,0.4607052206993103,0.003979564178735018,0.003979562781751156,0.9998437166213989,8351.2041015625,0.417560205078125,0.1292034238576889,34.83583450317383,11.438962936401367,0.4520878791809082
39,449,0.004198502749204636,0.005311455577611923,1.0,2829.0,2829.0,50.0,0.13970866799354553,34.6594352722168,11.198504447937012,0.4555935859680176,0.0008916354854591191,0.0008329669944941998,1.0,2629.0,2629.0,50.0,0.030485782772302628,34.154808044433594,12.305608749389648,0.4452632665634155,0.0086377477273345,0.005902156699448824,0.9988624453544617,879.0,879.0,50.0,0.2807045876979828,37.55738067626953,9.208158493041992,0.46062183380126953,0.04238613694906235,0.03686269000172615,1.0,63.0,63.0,37.0,1.2793006896972656,34.296669006347656,5.105051040649414,0.46023455262184143,0.003825716208666563,0.0038257157430052757,0.9998437166213989,8351.123046875,0.41755615234375004,0.12542472779750824,34.846588134765625,11.319938659667969,0.4520863890647888
39,499,0.003711593570187688,0.0022790159564465284,0.9996464848518372,2829.0,2829.0,50.0,0.11269689351320267,34.73680877685547,11.419103622436523,0.45607417821884155,0.0014500205870717764,0.0011820844374597073,1.0,2613.0,2613.0,50.0,0.047140855342149734,33.98402786254883,12.209360122680664,0.44351571798324585,0.00995353702455759,0.007835282944142818,1.0,908.0,908.0,50.0,0.33419764041900635,37.69178771972656,8.970185279846191,0.46452441811561584,0.08317194879055023,0.12311223149299622,0.9800000190734863,50.0,50.0,32.0,1.6779447793960571,33.596858978271484,5.041425704956055,0.4532640278339386,0.004294595681130886,0.004294595681130886,0.9996874928474426,8351.0390625,0.41755195312500004,0.12958550453186035,34.83979415893555,11.344484329223633,0.4521237015724182
39,549,0.004390323534607887,0.002506452379748225,0.9996471405029297,2834.0,2834.0,50.0,0.11199609935283661,34.798587799072266,11.421304702758789,0.4564807415008545,0.001014665700495243,0.0007367092184722424,1.0,2628.0,2628.0,50.0,0.03426416590809822,33.91230773925781,12.084161758422852,0.4422341585159302,0.01241286937147379,0.016250861808657646,0.9977298974990845,881.0,881.0,50.0,0.38173291087150574,37.57863998413086,8.868223190307617,0.46450039744377136,0.01821456290781498,0.04827547073364258,1.0,57.0,57.0,28.0,0.5497117042541504,37.21018600463867,6.082817554473877,0.4789762496948242,0.004231669474393129,0.004231669940054417,0.9995312690734863,8350.9609375,0.417548046875,0.12110679596662521,34.838829040527344,11.294496536254883,0.4519350528717041
39,599,0.0036624690983444452,0.0025593223981559277,0.9996339678764343,2732.0,2732.0,50.0,0.12046187371015549,34.806514739990234,11.385637283325195,0.4570332467556,0.000939485093113035,0.0006011300138197839,1.0,2709.0,2709.0,50.0,0.030887160450220108,33.93155288696289,12.261201858520508,0.4424239695072174,0.011742187663912773,0.014263764023780823,0.9988973736763,907.0,907.0,50.0,0.3809511065483093,37.547515869140625,8.913840293884277,0.46410420536994934,0.0344722755253315,0.030400609597563744,1.0,52.0,52.0,32.0,1.062583327293396,35.72547912597656,5.48367166519165,0.47284337878227234,0.00390525977127254,0.0039052581414580345,0.9996874928474426,8350.8779296875,0.417543896484375,0.12711751461029053,34.83207702636719,11.357994079589844,0.45197993516921997
39,649,0.0022842450998723507,0.003503890009596944,1.0,2811.0,2811.0,50.0,0.07822620123624802,34.87732696533203,11.496284484863281,0.4570493698120117,0.0011992361396551132,0.0016344437608495355,1.0,2626.0,2626.0,50.0,0.03969746083021164,33.96088790893555,12.240178108215332,0.44285064935684204,0.009023044258356094,0.0061255223117768764,1.0,900.0,900.0,50.0,0.2934166193008423,37.67704391479492,9.137465476989746,0.46254825592041016,0.04174131527543068,0.03722010925412178,0.9841269850730896,63.0,63.0,40.0,1.099222183227539,34.98399353027344,5.442431449890137,0.46188077330589294,0.0031751010101288557,0.003175101475790143,0.9998437762260437,8350.7978515625,0.417539892578125,0.1027289628982544,34.896060943603516,11.410211563110352,0.4520443081855774
39,699,0.0031459606252610683,0.0017347937682643533,0.9996461272239685,2825.0,2825.0,50.0,0.0973348543047905,34.8017578125,11.510605812072754,0.4562142491340637,0.0019753798842430115,0.0032318204175680876,0.9996159076690674,2604.0,2604.0,50.0,0.054610755294561386,33.89582443237305,12.222606658935547,0.4421689808368683,0.010645609349012375,0.0120314359664917,1.0,915.0,915.0,50.0,0.35515156388282776,37.61723327636719,8.802631378173828,0.4651593863964081,0.04461834207177162,0.025925572961568832,0.9821428656578064,56.0,56.0,28.0,1.176939606666565,35.38744354248047,5.391140460968018,0.46776053309440613,0.00410477863624692,0.004104779101908207,0.9995312690734863,8350.7177734375,0.417535888671875,0.1262577623128891,34.84080505371094,11.359600067138672,0.45187950134277344
39,749,0.004515716806054115,0.004797467030584812,0.9992949962615967,2837.0,2837.0,50.0,0.14460499584674835,34.66157913208008,11.440049171447754,0.4556112289428711,0.0011764871887862682,0.0016013692365959287,1.0,2603.0,2603.0,50.0,0.03870663419365883,33.956233978271484,12.231731414794922,0.44260933995246887,0.010669455863535404,0.008091059513390064,1.0,902.0,902.0,50.0,0.3572064936161041,37.69744873046875,8.880297660827637,0.4660901129245758,0.07489483803510666,0.09099739789962769,0.9655172228813171,58.0,58.0,35.0,2.0623955726623535,33.123451232910156,4.586546897888184,0.46432796120643616,0.004662692546844482,0.00466269301250577,0.99937504529953,8350.634765625,0.41753173828125,0.14887765049934387,34.788631439208984,11.339166641235352,0.45187896490097046
39,799,0.003246624255552888,0.005202555097639561,1.0,2851.0,2851.0,50.0,0.1064206063747406,34.668296813964844,11.643863677978516,0.45490336418151855,0.0009667066624388099,0.0009892985690385103,1.0,2532.0,2532.0,50.0,0.03261308744549751,34.08048629760742,12.40528678894043,0.4441455006599426,0.012610438279807568,0.010127476416528225,0.9968684911727905,958.0,958.0,50.0,0.4034976363182068,37.38726806640625,8.809639930725098,0.46322664618492126,0.12479716539382935,0.055471889674663544,0.9491525888442993,59.0,59.0,27.0,2.60886287689209,33.50185775756836,5.40303373336792,0.46246662735939026,0.004866820760071278,0.004866821691393852,0.9990625381469727,8350.5546875,0.417527734375,0.14475861191749573,34.83198547363281,11.463321685791016,0.4519628882408142
39,849,0.0049063460901379585,0.003102090209722519,0.9989347457885742,2816.0,2816.0,50.0,0.15514221787452698,34.565486907958984,11.38762092590332,0.4547901451587677,0.0014839514624327421,0.0011064168065786362,1.0,2652.0,2652.0,50.0,0.04994907230138779,34.090110778808594,12.167105674743652,0.44495901465415955,0.015545384027063847,0.006364082917571068,0.9954700469970703,883.0,883.0,50.0,0.43532857298851013,37.67746353149414,9.228509902954102,0.4645160734653473,0.0591886080801487,0.034182094037532806,0.9795919060707092,49.0,49.0,31.0,1.2450695037841797,34.499855041503906,5.380850315093994,0.4540092945098877,0.005371645092964172,0.005371644627302885,0.9987500905990601,8350.474609375,0.41752373046875,0.15855452418327332,34.79735565185547,11.366741180419922,0.4520522654056549
39,899,0.003379040863364935,0.0027981544844806194,1.0,2831.0,2831.0,50.0,0.1125464141368866,34.80832290649414,11.24288558959961,0.45706433057785034,0.0015146011719480157,0.0016687324969097972,0.9996266961097717,2679.0,2679.0,50.0,0.04895549640059471,33.86213684082031,12.03320026397705,0.442556232213974,0.007428690791130066,0.007415452506393194,0.9988052845001221,837.0,837.0,50.0,0.23475250601768494,37.912357330322266,9.095757484436035,0.46494871377944946,0.03581856191158295,0.04935452342033386,1.0,53.0,53.0,32.0,1.0569840669631958,34.42927932739258,5.591753005981445,0.452375590801239,0.0033968565985560417,0.0033968561328947544,0.9996874928474426,8350.392578125,0.41751962890625,0.1097310408949852,34.8150634765625,11.246103286743164,0.45198363065719604
39,949,0.003432403551414609,0.003127073170617223,1.0,2834.0,2834.0,50.0,0.11880041658878326,34.677127838134766,11.288406372070312,0.456161767244339,0.0007926717516966164,0.0008163044694811106,1.0,2654.0,2654.0,50.0,0.027191394940018654,33.976806640625,12.096059799194336,0.4428272247314453,0.009673750028014183,0.00697874091565609,0.9988452196121216,866.0,866.0,50.0,0.3309631645679474,37.73002624511719,8.685760498046875,0.46604123711586,0.03225956857204437,0.03716510534286499,1.0,46.0,46.0,29.0,0.9816175699234009,34.84380340576172,5.211493492126465,0.4601088762283325,0.0033894667867571115,0.003389467252418399,0.9998437166213989,8350.3125,0.417515625,0.11572106182575226,34.80100631713867,11.227481842041016,0.4519972801208496
39,999,0.0033430717885494232,0.004857468418776989,0.9992871880531311,2806.0,2806.0,50.0,0.10676456242799759,34.6764030456543,11.471622467041016,0.45509427785873413,0.0009246725821867585,0.0013045058585703373,1.0,2625.0,2625.0,50.0,0.031375445425510406,34.03618240356445,12.358885765075684,0.44357752799987793,0.01834605634212494,0.010817956179380417,0.9955506920814514,899.0,899.0,50.0,0.5470992922782898,37.45005416870117,8.829379081726074,0.4665374457836151,0.040783535689115524,0.04150088131427765,1.0,70.0,70.0,41.0,1.2660365104675293,34.96360397338867,5.502381801605225,0.4661995768547058,0.004868107382208109,0.00486810551956296,0.9990624785423279,8350.2314453125,0.417511572265625,0.15037605166435242,34.80656433105469,11.399097442626953,0.4520995020866394
39,1049,0.0036894010845571756,0.0022661255206912756,0.999273419380188,2752.0,2752.0,50.0,0.11657527089118958,34.83534240722656,11.52709674835205,0.4572465717792511,0.0010943643283098936,0.0008812829619273543,1.0,2698.0,2698.0,50.0,0.03689314424991608,33.90760040283203,12.199172019958496,0.4424545466899872,0.007826182059943676,0.007251269184052944,1.0,896.0,896.0,50.0,0.2665337026119232,37.69139862060547,8.958667755126953,0.4628846049308777,0.05016874149441719,0.029510924592614174,1.0,54.0,54.0,33.0,1.3605743646621704,35.62331771850586,6.128965377807617,0.4737991392612457,0.0035667491611093283,0.0035667496267706156,0.9996876120567322,8350.150390625,0.41750751953125004,0.11447469890117645,34.850738525390625,11.405291557312012,0.45193979144096375
39,1099,0.0031986627727746964,0.004309326410293579,1.0,2810.0,2810.0,50.0,0.10440099239349365,34.723426818847656,11.509420394897461,0.4557962417602539,0.0008925273432396352,0.000826140632852912,1.0,2624.0,2624.0,50.0,0.029281845316290855,34.054298400878906,12.350997924804688,0.444081574678421,0.009989102371037006,0.006707347929477692,1.0,916.0,916.0,50.0,0.33103132247924805,37.52423095703125,8.905387878417969,0.46231609582901,0.0329449437558651,0.04104295372962952,1.0,50.0,50.0,34.0,0.9648247957229614,35.86716842651367,5.8181304931640625,0.4687197804450989,0.003457422833889723,0.0034574216697365046,1.0,8350.0703125,0.41750351562500004,0.11276066303253174,34.85888671875,11.437301635742188,0.4520273506641388
39,1149,0.003099073888733983,0.0023321069311350584,0.9996398091316223,2777.0,2777.0,50.0,0.09858310222625732,34.71583938598633,11.371938705444336,0.45527100563049316,0.0008724138024263084,0.0005699290777556598,1.0,2678.0,2678.0,50.0,0.02831343747675419,33.98170852661133,12.343767166137695,0.44315528869628906,0.008786250837147236,0.006426174659281969,0.9988686442375183,884.0,884.0,50.0,0.2977677881717682,37.84978485107422,8.90070915222168,0.46638810634613037,0.033840615302324295,0.05748286098241806,0.9836065173149109,61.0,61.0,38.0,0.8294172286987305,36.82517623901367,6.189862251281738,0.4720166027545929,0.0032459022477269173,0.0032459027133882046,0.9995312094688416,8349.9853515625,0.417499267578125,0.1036577820777893,34.86163330078125,11.387858390808105,0.4518964886665344
39,1199,0.0029844697564840317,0.003047902835533023,1.0,2816.0,2816.0,50.0,0.10077637434005737,34.74985122680664,11.419193267822266,0.4560578763484955,0.0012162486091256142,0.0011210135417059064,1.0,2631.0,2631.0,50.0,0.04044002294540405,33.98796844482422,12.346620559692383,0.4435216784477234,0.01279757171869278,0.006918966770172119,0.9988875985145569,899.0,899.0,50.0,0.39253711700439453,37.48404312133789,8.985166549682617,0.46286362409591675,0.06794333457946777,0.024609509855508804,0.9629629254341125,54.0,54.0,33.0,1.5614203214645386,35.30193328857422,5.695443630218506,0.46743717789649963,0.004184090532362461,0.0041840896010398865,0.9995312690734863,8349.90625,0.4174953125,0.12927992641925812,34.82537078857422,11.410253524780273,0.45195630192756653
39,1249,0.003044499084353447,0.002636485733091831,0.9996438026428223,2808.0,2808.0,50.0,0.08988361060619354,34.82549285888672,11.520750045776367,0.4567055106163025,0.0009767551673576236,0.0008508539758622646,1.0,2632.0,2632.0,50.0,0.031082969158887863,33.91642761230469,12.326567649841309,0.4424591660499573,0.007637839764356613,0.00600537471473217,1.0,907.0,907.0,50.0,0.2603846490383148,37.7658805847168,8.95119857788086,0.4643140137195587,0.023942172527313232,0.017198320478200912,1.0,53.0,53.0,34.0,0.7619633078575134,36.05430221557617,5.837912559509277,0.46877747774124146,0.0030181603506207466,0.003018160816282034,0.9998437166213989,8349.826171875,0.41749130859375,0.09543069452047348,34.87852478027344,11.440927505493164,0.4520249366760254
39,1271,0.003087299643084407,0.0031894268468022346,1.0,1231.0,1231.0,22.0,0.1013566181063652,34.71147918701172,11.5369234085083,0.4559236168861389,0.001190695445984602,0.0015061682788655162,1.0,1130.0,1130.0,22.0,0.040042243897914886,33.97551345825195,12.343351364135742,0.4431832432746887,0.021435314789414406,0.01566982828080654,0.9974489808082581,392.0,392.0,22.0,0.46107736229896545,37.69523620605469,9.252937316894531,0.4647200107574463,0.014100475236773491,0.017276214435696602,1.0,17.0,17.0,12.0,0.43507882952690125,36.537540435791016,6.393213748931885,0.4665476381778717,0.00495957862585783,0.004977726843208075,0.9996389746665955,8349.7900390625,0.417489501953125,0.12929832935333252,34.844703674316406,11.511110305786133,0.4520363211631775
40,49,0.002551999408751726,0.00305505795404315,1.0,2803.0,2803.0,50.0,0.0877736508846283,34.68312072753906,11.445815086364746,0.4547547996044159,0.0013950318098068237,0.0009642651421017945,0.9996234774589539,2657.0,2657.0,50.0,0.03910648450255394,34.09513473510742,12.406620979309082,0.44474300742149353,0.007395350839942694,0.00921283382922411,1.0,887.0,887.0,50.0,0.24209484457969666,37.95908737182617,9.321638107299805,0.4645468592643738,0.04477810859680176,0.022979795932769775,0.9811320900917053,53.0,53.0,34.0,1.0174907445907593,35.59241485595703,5.333380699157715,0.4653155505657196,0.0030926212202757597,0.003092620288953185,0.9996874332427979,8349.70703125,0.4174853515625,0.09665633738040924,34.90057373046875,11.499683380126953,0.45204290747642517
40,99,0.0024731860030442476,0.0031916857697069645,1.0,2850.0,2850.0,50.0,0.08361645042896271,34.79698181152344,11.598116874694824,0.45612838864326477,0.0006608552066609263,0.0007771007949486375,1.0,2584.0,2584.0,50.0,0.02207881212234497,34.008426666259766,12.406292915344238,0.4430793821811676,0.0060806251130998135,0.006820636801421642,1.0,911.0,911.0,50.0,0.21037055552005768,37.879459381103516,9.092951774597168,0.4639326333999634,0.02627934329211712,0.017103947699069977,1.0,55.0,55.0,34.0,0.8373283743858337,36.089054107666016,5.436724662780762,0.4702233076095581,0.002459536772221327,0.0024595381692051888,1.0,8349.6279296875,0.41748139648437504,0.08329048752784729,34.9284782409668,11.514873504638672,0.45209187269210815
40,149,0.0026436857879161835,0.004571584053337574,1.0,2858.0,2858.0,50.0,0.09093417972326279,34.7454833984375,11.616800308227539,0.4559735357761383,0.0016268098261207342,0.0032631871290504932,0.9996089935302734,2557.0,2557.0,50.0,0.049672335386276245,33.88685607910156,12.495377540588379,0.4418618083000183,0.009947619400918484,0.008177069947123528,1.0,935.0,935.0,50.0,0.3379020392894745,37.71342849731445,8.823339462280273,0.46662575006484985,0.03600927069783211,0.03840215876698494,1.0,50.0,50.0,27.0,1.147595763206482,35.287376403808594,5.217587947845459,0.47193172574043274,0.0035651391372084618,0.0035651400685310364,0.9998437762260437,8349.5478515625,0.417477392578125,0.11878441274166107,34.840267181396484,11.50971794128418,0.45201635360717773
40,199,0.0019573718309402466,0.0020506815053522587,1.0,2830.0,2830.0,50.0,0.06788098067045212,34.73664855957031,11.51363468170166,0.45493653416633606,0.0005645225755870342,0.0005189593066461384,1.0,2618.0,2618.0,50.0,0.018746638670563698,34.040916442871094,12.463874816894531,0.44382110238075256,0.009889684617519379,0.008218921720981598,1.0,894.0,894.0,50.0,0.3132297098636627,37.80356979370117,9.275166511535645,0.4650050401687622,0.03693003207445145,0.05159451812505722,1.0,58.0,58.0,36.0,0.9139408469200134,35.85700988769531,5.790562152862549,0.4672915041446686,0.0028125939425081015,0.0028125939425081015,1.0,8349.4658203125,0.417473291015625,0.08972152322530746,34.8906135559082,11.537790298461914,0.45190805196762085
40,249,0.0031366869807243347,0.0020920136012136936,1.0,2786.0,2786.0,50.0,0.10201191157102585,34.76378631591797,11.70462417602539,0.45644596219062805,0.0007345117046497762,0.0004904082743450999,1.0,2615.0,2615.0,50.0,0.02489326521754265,33.992271423339844,12.554035186767578,0.44268491864204407,0.01180575042963028,0.010917013511061668,0.9978991746902466,952.0,952.0,50.0,0.3793513774871826,37.70073699951172,9.051301956176758,0.4654701352119446,0.03722786158323288,0.042833391577005386,1.0,47.0,47.0,36.0,1.1394449472427368,33.60979080200195,5.001201629638672,0.44809994101524353,0.0036950537469238043,0.0036950535140931606,0.9996874928474426,8349.3837890625,0.417469189453125,0.11937461793422699,34.876949310302734,11.607778549194336,0.4521043300628662
40,299,0.0033267452381551266,0.002137440023943782,1.0,2813.0,2813.0,50.0,0.1087489128112793,34.707420349121094,11.545699119567871,0.455554723739624,0.0009647519327700138,0.00043378525879234076,1.0,2638.0,2638.0,50.0,0.03309950605034828,33.98684310913086,12.347413063049316,0.44350019097328186,0.011135995388031006,0.007796014193445444,0.9988701343536377,885.0,885.0,50.0,0.34009310603141785,37.733665466308594,9.115286827087402,0.46423256397247314,0.04065084084868431,0.042885951697826385,1.0,64.0,64.0,37.0,1.177884817123413,34.98269271850586,6.050089359283447,0.4631926119327545,0.0038062743842601776,0.003806274849921465,0.9998437166213989,8349.302734375,0.41746513671875,0.12024909257888794,34.831634521484375,11.485118865966797,0.4518623352050781
40,349,0.0035653291270136833,0.0021723073441535234,0.999652624130249,2878.0,2878.0,50.0,0.11866780370473862,34.606380462646484,11.377208709716797,0.4544908404350281,0.0008492311462759972,0.0007187052397057414,1.0,2613.0,2613.0,50.0,0.0281837061047554,33.994285583496094,12.21324348449707,0.4432072341442108,0.007089246064424515,0.007799051236361265,1.0,856.0,856.0,50.0,0.2407732903957367,38.15263748168945,9.122217178344727,0.46783867478370667,0.08880937099456787,0.0406423918902874,0.9622641801834106,53.0,53.0,32.0,1.8959497213363647,34.42898178100586,5.466641902923584,0.4674728810787201,0.003633648157119751,0.0036336486227810383,0.9995312690734863,8349.2216796875,0.41746108398437504,0.1127745658159256,34.829315185546875,11.36799430847168,0.45177674293518066
40,399,0.003432926721870899,0.003179113380610943,0.9996429681777954,2801.0,2801.0,50.0,0.11297585815191269,34.857643127441406,11.671256065368652,0.45763102173805237,0.000757577596232295,0.0007752018864266574,1.0,2632.0,2632.0,50.0,0.024390103295445442,33.76590347290039,12.23287582397461,0.44028517603874207,0.01293597836047411,0.012896044179797173,0.997802197933197,910.0,910.0,50.0,0.42349082231521606,37.61846923828125,8.792356491088867,0.4666559398174286,0.03679567202925682,0.025038529187440872,1.0,57.0,57.0,32.0,1.1953072547912598,34.79608154296875,4.894283771514893,0.46672725677490234,0.003981040790677071,0.003981041721999645,0.9995312690734863,8349.1416015625,0.41745708007812504,0.13033583760261536,34.8006706237793,11.43252182006836,0.45186176896095276
40,449,0.003664985066279769,0.004180516116321087,1.0,2829.0,2829.0,50.0,0.12165344506502151,34.7620735168457,11.600519180297852,0.4566909372806549,0.0012272935127839446,0.0011218333384022117,1.0,2625.0,2625.0,50.0,0.04123734310269356,33.83826446533203,12.31901741027832,0.44148609042167664,0.011258222162723541,0.011528916656970978,1.0,885.0,885.0,50.0,0.3706173002719879,37.865196228027344,9.389726638793945,0.46599772572517395,0.034755803644657135,0.02892904169857502,1.0,61.0,61.0,35.0,1.1245821714401245,34.52963638305664,4.614753246307373,0.46117833256721497,0.0040114875882864,0.0040114875882864,1.0,8349.0615234375,0.417453076171875,0.13265648484230042,34.81005859375,11.52292251586914,0.45178431272506714
